-,-,-
-988.525391, 267.578125, 292.968750
-943.115234, 289.062500, 245.117188
-975.341797, 255.859375, 281.738281
-952.880859, 231.445312, 312.500000
-877.685547, 211.914062, 365.234375
-738.037109, 103.515625, 805.175781
-688.720703, -292.724609, 1654.785156
-941.162109, -684.326172, 1827.148438
-1147.216797, -648.193359, 1238.281250
-822.509766, -338.623047, 310.546875
-923.095703, -142.333984, -1313.720703
-1064.697266, 267.089844, -1877.197266
-896.728516, 384.765625, -1420.166016
-1123.291016, 304.199219, -962.158203
-1074.951172, 357.910156, -595.947266
-925.048828, 396.484375, -495.849609
-,-,-
-995.361328, 147.460938, 151.855469
-954.833984, 128.906250, 218.750000
-923.095703, 142.578125, 292.968750
-947.998047, 90.820312, 378.906250
-952.880859, -79.833984, 702.148438
-964.111328, -427.490234, 1352.050781
-848.876953, -732.177734, 1590.332031
-999.755859, -843.994141, 1312.988281
-967.041016, -634.521484, 539.550781
-804.931641, -377.197266, -446.533203
-908.935547, 65.429688, -1796.630859
-1014.892578, 180.664062, -1620.849609
-935.302734, 209.960938, -1024.658203
-,-,-
-989.501953, 104.492188, 210.449219
-853.271484, 86.425781, 337.890625
-888.427734, -50.048828, 820.312500
-741.455078, -291.259766, 1644.531250
-558.349609, -817.138672, 1999.755859
-816.650391, -1063.720703, 1738.769531
-711.669922, -718.505859, 196.777344
-721.435547, -119.384766, -1497.802734
-1190.185547, 66.894531, -1999.755859
-1154.541016, 80.078125, -1715.576172
-,-,-
-893.798828, 76.171875, 376.953125
-861.572266, 40.039062, 474.121094
-801.025391, -119.384766, 890.625000
-682.861328, -488.037109, 1757.324219
-498.291016, -1219.482422, 1999.755859
-570.068359, -1539.794922, 1956.054688
-637.939453, -1060.302734, 184.570312
-790.283203, -687.255859, -1426.513672
-810.791016, 174.804688, -1999.755859
-635.498047, 475.585938, -1999.755859
-,-,-
-811.767578, -10.498047, 624.023438
-886.962891, 74.218750, 632.324219
-968.994141, -33.447266, 1011.230469
-781.982422, -407.958984, 1465.820312
-468.505859, -1123.779297, 1708.007812
-612.548828, -1975.830078, 1096.679688
-559.814453, -1999.755859, -260.009766
-451.416016, -1499.267578, -1099.365234
-464.111328, -518.798828, -1840.576172
-313.720703, 187.011719, -1931.396484
-619.384766, 245.117188, -1594.970703
-,-,-
-796.142578, -99.853516, 682.617188
-720.458984, -99.853516, 643.554688
-1034.912109, -149.658203, 666.992188
-943.603516, -409.912109, 994.140625
-638.916016, -713.623047, 1405.273438
-302.001953, -1341.552734, 1488.281250
-359.130859, -1892.333984, 974.121094
-80.322266, -1695.556641, 108.886719
-99.365234, -1169.677734, -784.423828
-649.169922, -491.455078, -1496.826172
-835.205078, 333.496094, -1865.966797
-907.470703, 343.750000, -1440.673828
-1102.783203, 289.062500, -1205.810547
-1031.494141, 193.359375, -903.076172
-,-,-
-759.521484, -99.853516, 665.039062
-585.693359, -318.603516, 887.695312
-358.642578, -911.865234, 1425.781250
-336.181641, -1623.291016, 1750.976562
-308.349609, -1725.341797, 1074.707031
-611.083984, -1395.263672, 10.742188
-417.236328, -632.568359, -607.666016
-571.533203, 239.257812, -1646.240234
-777.587891, 257.812500, -1424.072266
-,-,-
-832.763672, -128.662109, 604.003906
-798.095703, -118.408203, 490.234375
-841.552734, -275.146484, 660.156250
-730.224609, -428.466797, 904.296875
-673.583984, -660.400391, 1298.828125
-585.693359, -973.388672, 1465.820312
-518.798828, -1313.720703, 1308.105469
-613.525391, -1554.443359, 857.910156
-429.443359, -1209.716797, -150.634766
-648.681641, -98.876953, -1676.025391
-618.408203, -57.373047, -1655.517578
-,-,-
-897.216797, -85.693359, 440.917969
-821.044922, -49.072266, 442.382812
-781.982422, -96.435547, 521.972656
-611.572266, -276.123047, 842.773438
-530.517578, -863.525391, 1593.261719
-610.595703, -1117.431641, 1549.316406
-789.794922, -1323.974609, 1121.093750
-673.583984, -1261.962891, 489.257812
-648.681641, -463.623047, -760.009766
-631.591797, 302.246094, -1576.904297
-840.087891, 190.429688, -1248.291016
-1085.693359, -106.201172, -781.494141
-,-,-
-734.619141, -6.591797, 615.722656
-702.392578, -172.119141, 809.082031
-757.080078, -619.384766, 1171.875000
-725.341797, -1309.326172, 1336.914062
-673.583984, -1843.994141, 1143.066406
-599.365234, -1731.201172, 491.210938
-554.931641, -963.134766, -594.970703
-722.900391, -119.384766, -1436.279297
-768.310547, 169.433594, -1427.490234
-817.138672, 213.867188, -1195.068359
-1015.869141, 94.238281, -1024.169922
-1115.966797, 38.085938, -918.212891
-,-,-
-762.939453, -104.736328, 828.613281
-841.064453, -529.052734, 1205.078125
-564.208984, -1269.775391, 1736.328125
-332.275391, -1543.701172, 1602.539062
-578.857422, -1468.994141, 796.875000
-695.556641, -906.494141, -136.962891
-749.755859, -364.990234, -1020.263672
-829.345703, 52.734375, -1531.982422
-707.275391, 147.949219, -1461.181641
-870.849609, 166.015625, -1390.380859
-857.177734, 276.367188, -1152.587891
-,-,-
-837.158203, -33.447266, 593.261719
-747.314453, -66.162109, 376.953125
-651.611328, -407.470703, 773.437500
-645.263672, -794.189453, 1245.605469
-645.751953, -1272.705078, 1593.261719
-354.248047, -1533.447266, 1608.398438
-179.931641, -1583.251953, 966.308594
-398.681641, -1304.443359, 145.996094
-544.189453, -625.244141, -868.896484
-733.642578, 46.875000, -1794.677734
-,-,-
-672.607422, -24.169922, 585.449219
-734.130859, -141.357422, 564.453125
-776.123047, -459.716797, 973.632812
-678.466797, -709.228516, 1352.050781
-352.783203, -1064.208984, 1644.531250
-320.068359, -1322.021484, 1429.687500
-435.302734, -1329.833984, 932.617188
-556.884766, -1098.876953, 110.839844
-621.826172, -425.537109, -947.998047
-831.787109, 220.703125, -1595.458984
-906.005859, 418.457031, -1692.138672
-,-,-
-744.873047, -78.857422, 704.101562
-746.337891, -96.435547, 745.605469
-682.861328, -78.857422, 827.636719
-661.376953, -181.884766, 872.558594
-581.298828, -376.220703, 1119.140625
-362.548828, -636.474609, 1647.460938
-205.810547, -1010.009766, 1662.109375
-173.583984, -1186.279297, 1249.023438
-167.236328, -977.783203, 378.906250
-513.427734, -541.259766, -699.462891
-758.544922, 28.320312, -1774.658203
-,-,-
-670.166016, -97.412109, 733.398438
-689.697266, -135.986328, 758.789062
-742.431641, -322.021484, 877.929688
-657.470703, -398.193359, 1036.132812
-532.958984, -637.451172, 1424.316406
-232.177734, -864.013672, 1586.425781
-65.673828, -997.314453, 1446.289062
-52.001953, -1160.888672, 1174.316406
-252.685547, -949.951172, 245.605469
-414.306641, -664.794922, -717.041016
-868.896484, -472.900391, -1829.345703
-,-,-
-721.435547, -77.880859, 772.460938
-756.591797, -120.361328, 781.250000
-681.884766, -104.736328, 742.675781
-635.986328, -106.201172, 784.667969
-664.306641, -182.861328, 933.105469
-659.912109, -260.498047, 1089.355469
-584.716797, -371.826172, 1268.554688
-605.712891, -427.978516, 1251.953125
-433.837891, -699.951172, 1427.734375
-327.880859, -939.208984, 1149.414062
-530.517578, -951.904297, 561.035156
-470.947266, -811.767578, -299.560547
-1083.251953, -784.912109, -1367.919922
-,-,-
-930.908203, 86.425781, 377.929688
-890.380859, 57.617188, 422.851562
-869.873047, 12.695312, 505.859375
-825.927734, -77.880859, 697.753906
-816.650391, -128.662109, 717.285156
-697.998047, -316.162109, 911.621094
-632.080078, -656.494141, 1414.062500
-352.783203, -1026.123047, 1999.755859
-426.513672, -1204.833984, 1426.757812
-399.169922, -1018.310547, 585.449219
-420.166016, -717.529297, -570.556641
-1088.623047, -431.396484, -1594.970703
-,-,-
-614.990234, -306.884766, 1026.855469
-607.666016, -1147.705078, 1999.755859
-215.576172, -1554.931641, 1999.755859
-170.654297, -1475.341797, 1034.179688
-446.533203, -1165.283203, -850.830078
-,-,-
-695.556641, 101.562500, 576.171875
-730.224609, -117.431641, 966.796875
-677.978516, -224.365234, 1076.171875
-629.150391, -402.099609, 1374.511719
-643.798828, -1037.841797, 1960.449219
-660.888672, -1502.197266, 1214.843750
-602.294922, -1286.376953, -134.033203
-589.599609, -927.001953, -1468.994141
-1122.314453, -474.365234, -1557.373047
-1000.244141, -181.396484, -1118.896484
-1135.009766, -155.517578, -925.537109
-1273.193359, -197.021484, -956.298828
-,-,-
-711.669922, -13.427734, 564.453125
-716.064453, -89.111328, 665.039062
-597.900391, -404.541016, 1114.746094
-500.732422, -809.814453, 1738.769531
-496.826172, -1082.763672, 1520.507812
-440.673828, -1250.244141, 1149.902344
-194.091797, -1344.482422, 334.960938
-834.716797, -1022.216797, -977.783203
-1084.716797, -707.275391, -1607.177734
-927.978516, -254.638672, -1423.095703
-897.216797, 17.089844, -1041.748047
-1090.576172, -25.146484, -941.162109
-1182.373047, -81.787109, -861.083984
-,-,-
-618.408203, -17.333984, 639.648438
-803.955078, -308.837891, 862.304688
-596.435547, -931.396484, 1871.582031
-660.400391, -1701.904297, 1999.755859
-427.978516, -1670.654297, 937.988281
-516.357422, -1395.263672, -89.599609
-895.751953, -1528.076172, -1071.533203
-1023.193359, -197.021484, -1366.943359
-975.830078, -101.806641, -1082.275391
-1060.302734, 30.761719, -1077.880859
-1090.576172, -17.822266, -906.005859
-1063.232422, 40.039062, -776.123047
-1141.357422, 27.343750, -635.986328
-1222.900391, 18.554688, -614.990234
-,-,-
-490.478516, -273.193359, 833.496094
-430.908203, -793.701172, 1452.148438
-552.001953, -1466.064453, 1899.902344
-129.638672, -1493.896484, 1329.589844
-155.029297, -1351.318359, 627.441406
-132.080078, -1218.994141, -386.474609
-759.521484, -144.287109, -255.126953
-1084.228516, -291.748047, -1433.349609
-1205.322266, 33.691406, -1513.427734
-1320.556641, 55.664062, -1307.861328
-,-,-
-700.927734, -238.525391, 765.136719
-691.162109, -238.525391, 798.828125
-533.935547, -422.119141, 990.234375
-316.162109, -792.236328, 1506.347656
-271.728516, -1408.935547, 1900.878906
-301.025391, -1809.326172, 1261.230469
-437.744141, -1612.060547, 129.394531
-810.302734, -916.748047, -1112.548828
-879.150391, -479.248047, -1847.412109
-869.384766, 215.820312, -1781.005859
-929.931641, 226.562500, -1406.005859
-1001.220703, 130.371094, -1181.884766
-1067.626953, 38.085938, -858.154297
-1030.029297, 155.273438, -821.044922
-,-,-
-583.740234, -132.568359, 643.554688
-510.009766, -368.408203, 974.609375
-427.978516, -813.232422, 1302.246094
-239.990234, -1299.072266, 1764.160156
-113.525391, -1704.345703, 1510.253906
10.253906, -1744.873047, 487.304688
-371.337891, -1999.755859, -299.560547
-817.626953, -442.626953, -1999.755859
-1064.697266, -215.576172, -1476.318359
-,-,-
-815.673828, 31.250000, 659.179688
-588.134766, -87.646484, 984.863281
-755.615234, -434.326172, 1267.089844
-748.779297, -849.365234, 1563.964844
-655.517578, -990.966797, 1327.636719
-443.115234, -1057.373047, 645.507812
-603.759766, -1088.623047, -244.384766
-887.451172, -647.705078, -1484.619141
-1056.396484, -251.708984, -1531.982422
-,-,-
-701.416016, -138.427734, 641.601562
-646.240234, -334.228516, 821.289062
-585.205078, -656.494141, 1209.960938
-585.205078, -1046.142578, 1491.210938
-513.427734, -1372.802734, 1606.445312
-378.662109, -1244.384766, 641.601562
-616.943359, -828.857422, -87.158203
-678.955078, -666.748047, -864.013672
-1193.603516, -235.107422, -1886.474609
-,-,-
-804.931641, 3.906250, 495.117188
-727.783203, -48.095703, 546.386719
-637.939453, -274.169922, 965.332031
-543.701172, -766.357422, 1509.765625
-374.755859, -1297.119141, 1825.683594
-158.447266, -1454.345703, 1374.511719
-384.521484, -1199.462891, 358.398438
-853.271484, -685.791016, -963.134766
-1354.736328, -275.634766, -1637.939453
-,-,-
-652.099609, -52.978516, 728.515625
-621.826172, -319.580078, 1055.664062
-521.240234, -1108.154297, 1999.755859
-117.919922, -1795.654297, 1999.755859
86.914062, -1642.333984, 937.988281
-365.966797, -1353.759766, -632.080078
-922.607422, -439.697266, -1999.755859
-1177.001953, -186.767578, -1658.447266
-,-,-
-522.705078, -235.595703, 848.144531
-446.533203, -673.095703, 1267.089844
-295.654297, -1238.525391, 1773.437500
-74.951172, -1613.037109, 1844.726562
-90.576172, -1821.044922, 1236.816406
-294.677734, -1251.220703, -281.494141
-789.306641, -628.173828, -1376.708984
-1007.080078, -222.412109, -1830.322266
-1012.939453, -12.451172, -1758.544922
-,-,-
-715.576172, 2.929688, 585.449219
-756.591797, -240.966797, 798.828125
-597.900391, -715.576172, 1353.027344
-364.990234, -1549.560547, 1999.755859
-239.990234, -1537.841797, 1337.890625
-370.361328, -1364.501953, 234.863281
-781.005859, -923.095703, -826.416016
-804.931641, -434.326172, -1954.833984
-,-,-
-755.615234, -68.603516, 583.984375
-814.697266, -244.873047, 787.597656
-732.666016, -583.251953, 1150.390625
-691.162109, -886.474609, 1402.343750
-665.771484, -937.255859, 1226.562500
-712.158203, -1077.880859, 1043.457031
-593.994141, -991.943359, 320.800781
-719.970703, -665.771484, -504.150391
-697.509766, -450.439453, -917.236328
-880.126953, -257.568359, -1367.919922
-,-,-
-712.646484, -193.115234, 752.929688
-619.384766, -449.951172, 1004.882812
-625.732422, -632.568359, 1107.421875
-746.337891, -782.958984, 1155.761719
-905.517578, -788.818359, 941.406250
-736.083984, -793.212891, 770.507812
-814.208984, -796.142578, 394.531250
-935.302734, -586.669922, -95.458984
-880.126953, -263.427734, -470.458984
-992.431641, 6.835938, -976.318359
-958.251953, 203.613281, -875.732422
-1080.810547, 222.656250, -835.693359
-1181.396484, 262.695312, -905.029297
-,-,-
-693.115234, -300.048828, 976.562500
-823.974609, -503.662109, 1090.332031
-813.232422, -775.146484, 1310.058594
-554.931641, -959.716797, 1271.484375
-592.041016, -800.537109, 821.289062
-595.458984, -638.427734, 291.503906
-541.259766, -436.767578, -249.755859
-868.408203, -295.654297, -636.962891
-879.150391, -172.119141, -956.787109
-841.064453, -11.474609, -1117.431641
-879.150391, 29.296875, -993.896484
-938.720703, 49.316406, -1115.966797
-,-,-
-506.591797, -309.814453, 968.750000
-485.595703, -1065.673828, 1853.027344
-186.767578, -1395.751953, 1842.773438
-67.138672, -1835.693359, 1025.878906
-552.490234, -1532.470703, -650.634766
-1001.220703, -320.556641, -1999.755859
-935.302734, -46.630859, -1521.728516
-852.294922, -103.271484, -1487.060547
-,-,-
-633.056641, -364.990234, 1020.507812
-647.216797, -857.666016, 1765.136719
-363.525391, -1384.033203, 1839.843750
-339.111328, -1810.302734, 1574.218750
-370.361328, -1362.548828, -183.349609
-671.630859, -756.591797, -1735.107422
-1059.326172, -387.939453, -1889.892578
-,-,-
-773.193359, -184.814453, 847.167969
-726.318359, -560.791016, 1238.769531
-640.380859, -1001.708984, 1706.054688
-457.763672, -1487.548828, 1549.316406
-309.326172, -1587.158203, 718.261719
-499.755859, -1195.556641, -872.314453
-400.146484, -494.873047, -1999.755859
-,-,-
-666.748047, -82.763672, 641.601562
-652.099609, -383.056641, 1130.859375
-717.529297, -1051.025391, 1905.273438
-437.744141, -1364.990234, 1657.714844
-150.146484, -1477.294922, 1055.664062
-173.583984, -1402.587891, -57.373047
-777.099609, -717.041016, -1641.357422
-670.166016, -200.927734, -1999.755859
-,-,-
-761.474609, -117.431641, 645.507812
-692.138672, -288.330078, 826.171875
-677.001953, -636.474609, 1226.074219
-602.294922, -1046.142578, 1587.402344
-600.830078, -1271.240234, 1387.695312
-337.158203, -1468.994141, 723.632812
-283.935547, -1392.333984, -205.810547
-662.353516, -391.845703, -1999.755859
-763.916016, 44.921875, -1999.755859
-826.416016, 52.734375, -1438.232422
-1009.521484, 100.097656, -1206.787109
-,-,-
-681.396484, -369.873047, 1026.367188
-633.056641, -677.001953, 1352.050781
-396.728516, -929.443359, 1562.500000
-395.751953, -1162.841797, 1346.191406
-429.443359, -1018.310547, 495.117188
-708.740234, -1190.185547, 79.101562
-882.568359, -601.318359, -1243.408203
-821.044922, -114.990234, -1793.701172
-,-,-
-605.712891, -59.326172, 709.960938
-628.662109, -263.916016, 969.726562
-496.337891, -800.537109, 1555.664062
-325.927734, -1302.001953, 1887.695312
-325.439453, -1443.115234, 1261.230469
-402.099609, -1484.619141, 505.859375
-578.369141, -1095.947266, -745.361328
-1043.701172, -367.431641, -1870.849609
-1001.220703, -1.220703, -1860.107422
-,-,-
-930.908203, 260.742188, -1264.892578
-,-,-
-738.525391, -325.927734, 1194.824219
-697.998047, -591.064453, 1334.960938
-553.955078, -844.970703, 1379.882812
-593.505859, -997.314453, 963.378906
-766.845703, -1227.294922, 294.921875
-847.412109, -784.912109, -590.087891
-699.951172, -531.005859, -1099.365234
-678.466797, -120.361328, -1579.833984
-773.193359, 72.265625, -1413.818359
-,-,-
-679.443359, -330.810547, 1064.941406
-586.669922, -603.759766, 1431.640625
-663.330078, -858.642578, 1438.964844
-728.759766, -1213.134766, 1146.484375
-470.947266, -1177.490234, 384.277344
-858.642578, -760.009766, -634.033203
-799.560547, -682.373047, -774.169922
-599.853516, -357.666016, -1440.673828
-,-,-
-753.173828, -141.357422, 825.683594
-719.482422, -420.166016, 1173.339844
-620.361328, -691.162109, 1265.136719
-971.923828, -1341.064453, 1543.945312
-627.197266, -1305.419922, 386.230469
-679.443359, -856.689453, -624.755859
-1066.650391, -447.021484, -1332.275391
-531.494141, 74.218750, -1798.583984
-743.896484, 94.726562, -1196.044922
-876.708984, 27.343750, -989.013672
-,-,-
-591.552734, -279.052734, 953.613281
-506.591797, -575.927734, 1350.097656
-698.974609, -730.712891, 1316.406250
-789.794922, -950.927734, 1115.722656
-750.732422, -1314.697266, 669.433594
-827.880859, -1063.720703, -468.505859
-1127.197266, -257.568359, -1337.646484
-433.349609, -99.853516, -1297.607422
-721.923828, -100.830078, -1133.056641
-,-,-
-743.896484, -62.255859, 715.820312
-735.107422, -235.595703, 923.828125
-704.345703, -433.349609, 1137.695312
-555.908203, -605.712891, 1263.183594
-410.888672, -836.669922, 1376.464844
-427.490234, -987.060547, 749.023438
-475.341797, -821.044922, 287.597656
-499.267578, -693.115234, -458.251953
-1049.560547, -394.287109, -1270.751953
-1132.568359, -287.353516, -1002.197266
-1008.544922, -282.958984, -946.044922
-,-,-
-720.458984, 11.718750, 651.367188
-709.716797, -54.443359, 702.148438
-572.021484, -242.919922, 853.515625
-571.533203, -593.994141, 1208.984375
-510.986328, -858.642578, 1600.585938
-521.240234, -1205.810547, 1478.027344
-679.931641, -1389.404297, 719.238281
-675.048828, -1098.876953, -554.443359
-845.947266, -1176.513672, -1436.767578
-,-,-
-720.947266, -2.197266, 677.734375
-754.638672, -82.763672, 850.097656
-849.853516, -196.044922, 1101.562500
-796.142578, -327.880859, 1294.921875
-720.458984, -342.529297, 1141.113281
-742.919922, -439.208984, 894.042969
-769.775391, -556.396484, 796.875000
-641.845703, -661.376953, 515.625000
-739.501953, -662.841797, 129.394531
-832.763672, -777.099609, -43.212891
-732.666016, -576.904297, -638.427734
-800.537109, -550.537109, -793.701172
-1032.470703, -255.126953, -1181.884766
-1152.587891, 22.460938, -1123.779297
-1438.232422, -65.673828, -1082.763672
-,-,-
-924.072266, 44.921875, 494.140625
-854.736328, 2.929688, 587.402344
-774.169922, -47.607422, 737.304688
-654.052734, -144.287109, 896.972656
-643.798828, -451.904297, 1224.609375
-691.162109, -623.779297, 1357.421875
-615.966797, -725.341797, 1250.976562
-824.951172, -713.623047, 743.652344
-759.033203, -620.849609, 177.246094
-1057.861328, -453.369141, -737.060547
-1310.791016, 41.992188, -1502.197266
-1276.611328, 94.726562, -1089.599609
-1266.357422, 107.421875, -706.787109
-,-,-
-642.333984, -22.705078, 1123.046875
-526.123047, -372.802734, 1787.597656
-491.455078, -786.865234, 1999.755859
-493.896484, -988.037109, 1309.082031
-690.673828, -682.373047, 33.203125
-1238.525391, -186.767578, -1155.517578
-1501.220703, 111.328125, -1726.806641
-,-,-
-890.869141, 161.132812, 616.699219
-804.931641, 80.566406, 919.921875
-714.111328, -153.564453, 1489.257812
-672.607422, -394.287109, 1656.738281
-593.994141, -561.279297, 1412.109375
-771.240234, -437.744141, 605.957031
-856.689453, -538.330078, -73.974609
-976.806641, -89.599609, -1066.650391
-1262.939453, 136.230469, -1447.021484
-,-,-
-528.564453, -201.416016, 1321.777344
-523.681641, -427.490234, 1365.234375
-580.810547, -531.982422, 1159.667969
-368.408203, -647.216797, 1149.414062
-387.939453, -806.884766, 407.714844
-928.466797, -776.611328, -937.744141
-1149.169922, -535.888672, -1711.669922
-1539.306641, -132.080078, -1773.193359
-,-,-
-824.462891, -99.365234, 819.335938
-742.919922, -252.685547, 1123.046875
-664.306641, -342.529297, 1625.976562
-564.697266, -618.896484, 1681.152344
-662.841797, -651.123047, 1240.722656
-693.115234, -490.478516, 525.878906
-443.603516, -232.666016, -173.095703
-798.095703, -194.091797, -685.791016
-1486.572266, -34.423828, -1129.150391
-,-,-
-666.748047, 59.570312, 739.257812
-638.916016, -191.162109, 1067.871094
-593.994141, -783.935547, 1878.906250
-436.767578, -1218.017578, 1720.214844
-561.767578, -1110.107422, 811.523438
-1013.916016, -909.912109, -667.724609
-932.861328, -657.470703, -1074.951172
-783.935547, -127.685547, -1581.787109
-1292.724609, 272.460938, -1664.794922
-,-,-
-885.986328, -73.974609, 971.679688
-874.755859, -395.751953, 1490.234375
-681.884766, -599.365234, 1589.355469
-1040.771484, -654.052734, 965.332031
-855.712891, -528.076172, 99.609375
-686.279297, -544.189453, -525.634766
-1003.173828, -259.033203, -1165.771484
-805.908203, 20.507812, -1284.423828
-1132.568359, 181.640625, -1331.298828
-1030.029297, 231.445312, -1071.533203
-,-,-
-816.650391, 21.972656, 563.476562
-822.509766, -58.349609, 690.429688
-615.478516, -382.568359, 1129.882812
-621.826172, -916.748047, 1659.179688
-543.212891, -780.029297, 1130.371094
-951.904297, -832.763672, 249.023438
-835.205078, -887.451172, -237.548828
-744.384766, -442.138672, -1180.908203
-1025.146484, -151.123047, -1494.873047
-,-,-
-766.845703, 84.472656, 628.906250
-689.697266, -187.744141, 1062.011719
-490.478516, -747.314453, 1730.468750
-496.337891, -1089.599609, 1632.324219
-664.794922, -1111.083984, 975.097656
-545.166016, -794.677734, 178.222656
-710.693359, -638.427734, -531.982422
-964.599609, -193.115234, -1320.068359
-1045.166016, -87.646484, -1210.693359
-1062.255859, -136.962891, -912.841797
-,-,-
-600.830078, -265.380859, 1198.730469
-591.552734, -639.404297, 1739.257812
-559.814453, -955.810547, 1710.937500
-384.521484, -960.205078, 1170.898438
-612.548828, -818.115234, 138.671875
-663.330078, -363.037109, -881.103516
-1167.236328, -72.509766, -1513.427734
-1160.888672, 141.601562, -1334.716797
-1060.791016, 187.011719, -867.919922
-1051.025391, 225.585938, -864.990234
-,-,-
-538.330078, -135.986328, 1065.917969
-548.095703, -400.634766, 1558.593750
-497.314453, -751.708984, 1930.664062
-334.228516, -955.810547, 1349.609375
-537.353516, -1085.693359, 459.472656
-844.482422, -699.951172, -623.779297
-716.552734, -510.498047, -894.775391
-1007.080078, -38.818359, -1422.119141
-924.560547, 139.160156, -1157.470703
-891.357422, 190.429688, -955.810547
-958.251953, 181.640625, -886.962891
-1030.029297, 95.703125, -686.279297
-1185.302734, 122.558594, -628.173828
-,-,-
-724.853516, -206.787109, 1033.203125
-713.134766, -660.888672, 1999.755859
-331.787109, -1044.189453, 1999.755859
-277.099609, -1297.607422, 941.406250
-669.189453, -927.001953, -564.697266
-392.333984, -411.376953, -1345.458984
-518.798828, -4.638672, -1585.693359
-769.287109, 52.734375, -1518.310547
-940.673828, 118.652344, -1326.416016
-747.802734, 327.148438, -1158.447266
-984.130859, 272.949219, -974.365234
-,-,-
-974.853516, 20.019531, 896.972656
-921.630859, -335.205078, 1556.152344
-912.353516, -953.857422, 1844.726562
-941.162109, -998.291016, 1150.878906
-835.205078, -895.263672, 234.863281
-606.201172, -600.341797, -741.455078
-769.287109, 13.183594, -1748.779297
-539.794922, 385.742188, -1489.990234
-778.564453, 299.316406, -1328.857422
-,-,-
-951.416016, 101.562500, 454.589844
-973.388672, 96.679688, 517.089844
-854.736328, 90.820312, 821.289062
-871.337891, -123.779297, 1493.164062
-1047.607422, -688.232422, 1969.726562
-698.486328, -770.263672, 1349.121094
-553.466797, -802.490234, 395.019531
-446.044922, -856.201172, -247.802734
-650.634766, -772.705078, -1072.509766
-688.720703, -279.052734, -1782.958984
-1168.701172, -314.208984, -1229.248047
-,-,-
-909.912109, -17.822266, 755.859375
-951.416016, -258.544922, 1166.992188
-862.060547, -574.462891, 1482.910156
-781.005859, -667.724609, 1273.437500
-523.681641, -803.466797, 938.964844
-679.443359, -686.767578, -73.974609
-731.201172, -179.443359, -1121.826172
-881.103516, -26.123047, -1238.037109
-1010.498047, 70.312500, -1196.044922
-953.857422, 232.421875, -1052.001953
-,-,-
-768.310547, 31.250000, 491.210938
-1014.892578, -84.228516, 581.054688
-960.693359, -210.693359, 960.449219
-883.544922, -457.763672, 1291.992188
-822.021484, -770.263672, 1507.324219
-570.068359, -841.552734, 1061.035156
-619.384766, -913.330078, 225.097656
-624.267578, -665.771484, -734.130859
-771.728516, -290.283203, -1201.416016
-849.853516, 43.945312, -1354.736328
-1017.333984, 8.789062, -1204.833984
-906.982422, 67.382812, -1084.716797
-,-,-
-932.373047, 8.789062, 429.687500
-942.138672, 18.066406, 465.820312
-1030.029297, -25.146484, 651.855469
-1024.169922, -131.591797, 791.015625
-1003.173828, -432.373047, 1108.886719
-911.376953, -513.916016, 1133.300781
-718.505859, -675.048828, 1078.125000
-477.783203, -583.740234, 520.996094
-523.681641, -414.794922, -64.697266
-561.279297, -105.712891, -930.908203
-1069.580078, 38.085938, -1406.005859
-1138.427734, 65.917969, -1219.482422
-1087.646484, 118.164062, -928.466797
-,-,-
-982.666016, -6.591797, 478.027344
-915.283203, -46.630859, 534.179688
-944.580078, -114.013672, 705.078125
-926.513672, -200.439453, 860.351562
-974.365234, -379.638672, 877.929688
-988.525391, -492.919922, 772.460938
-938.720703, -465.576172, 638.671875
-889.404297, -431.396484, 353.027344
-887.451172, -351.806641, -57.861328
-818.115234, -195.068359, -421.630859
-982.666016, -47.119141, -755.615234
-1114.013672, 76.171875, -816.162109
-1122.314453, 162.109375, -838.623047
-,-,-
-988.525391, -59.326172, 803.222656
-1033.935547, -273.681641, 1091.308594
-721.435547, -386.474609, 1159.179688
-770.751953, -418.701172, 951.171875
-829.345703, -514.404297, 500.488281
-896.240234, -492.919922, -114.013672
-1028.564453, -373.779297, -427.490234
-1113.525391, -210.693359, -706.787109
-1001.708984, 30.761719, -789.794922
-927.490234, 66.894531, -689.208984
-981.689453, 120.117188, -747.802734
-1013.916016, 174.316406, -800.537109
-,-,-
-891.845703, 14.648438, 428.222656
-976.806641, -114.501953, 834.472656
-1185.302734, -519.287109, 1182.617188
-1037.841797, -691.650391, 1222.167969
-817.626953, -456.298828, 462.402344
-1217.529297, -302.490234, -426.513672
-810.791016, -162.353516, -518.310547
-802.001953, -199.462891, -488.037109
-1283.935547, -135.498047, -700.927734
-938.720703, 26.367188, -524.658203
-1062.255859, 87.402344, -608.154297
-1135.986328, 283.203125, -890.380859
-,-,-
-930.908203, 89.843750, 423.828125
-874.267578, -34.423828, 640.625000
-1017.333984, -190.185547, 884.765625
-723.388672, -252.197266, 1250.976562
-759.033203, -441.162109, 1353.027344
-646.240234, -500.732422, 910.644531
-664.306641, -665.771484, 487.304688
-611.572266, -678.466797, -365.478516
-731.201172, -601.318359, -979.248047
-956.787109, -442.138672, -1237.060547
-948.486328, -302.490234, -1149.169922
-1007.080078, -317.138672, -1125.732422
-1113.037109, -277.099609, -966.064453
-,-,-
-777.587891, 27.343750, 625.976562
-1207.275391, -197.998047, 1526.855469
-848.876953, -526.611328, 1999.755859
-930.908203, -1046.630859, 1473.632812
-669.189453, -920.166016, -105.712891
-762.451172, -619.873047, -1330.322266
-841.064453, -315.185547, -1528.564453
-587.158203, 110.351562, -1283.447266
-749.755859, 51.269531, -1201.416016
-,-,-
-867.919922, 139.648438, 350.097656
-800.537109, 18.066406, 650.878906
-821.533203, -342.041016, 1211.914062
-1175.537109, -1007.080078, 1354.492188
-1228.271484, -1197.021484, 1072.753906
-870.849609, -1168.212891, 430.175781
-586.181641, -996.337891, -399.658203
-738.525391, -593.505859, -1297.607422
-1037.841797, 57.617188, -1486.083984
-960.693359, 258.300781, -1149.169922
-,-,-
-985.107422, 38.085938, 130.371094
-1026.611328, -104.736328, 476.074219
-865.966797, -556.884766, 1287.597656
-1233.154297, -1226.806641, 1696.289062
-798.095703, -1224.853516, 1243.652344
-609.130859, -1087.646484, 869.628906
-339.599609, -714.599609, -323.486328
-520.263672, -352.294922, -1243.408203
-714.599609, 205.078125, -1543.701172
-862.548828, 215.332031, -1314.208984
-971.435547, 184.082031, -1205.322266
-,-,-
-971.435547, -145.263672, 390.136719
-1074.951172, -202.392578, 622.070312
-996.337891, -436.279297, 1195.800781
-691.650391, -722.412109, 1426.757812
-669.677734, -1011.474609, 1154.785156
-666.748047, -1043.212891, 444.335938
-646.240234, -797.119141, -489.990234
-830.810547, -428.955078, -1006.103516
-935.302734, -46.630859, -1276.123047
-973.876953, -20.751953, -1016.357422
-906.494141, 46.875000, -976.318359
-793.701172, 38.085938, -906.982422
-,-,-
-991.943359, -139.404297, 364.257812
-980.224609, -135.009766, 343.750000
-926.513672, -300.537109, 618.164062
-931.884766, -470.947266, 895.507812
-892.333984, -655.517578, 1181.640625
-726.806641, -725.830078, 1146.484375
-747.802734, -824.462891, 909.179688
-800.537109, -800.537109, 405.273438
-662.353516, -588.134766, -64.697266
-612.548828, -389.892578, -585.205078
-791.259766, -15.380859, -1171.630859
-1086.669922, 15.625000, -1232.177734
-1142.333984, 53.710938, -1124.755859
-,-,-
-894.775391, -56.396484, 533.203125
-908.935547, -200.927734, 764.160156
-959.716797, -435.302734, 902.343750
-1143.310547, -667.724609, 907.714844
-818.603516, -685.791016, 799.804688
-943.115234, -846.435547, 458.496094
-759.521484, -677.001953, -46.142578
-820.068359, -410.888672, -386.474609
-870.849609, -269.775391, -554.443359
-836.669922, 1.464844, -756.591797
-799.560547, -42.724609, -568.603516
-816.650391, 95.214844, -681.396484
-759.521484, 161.132812, -796.630859
-,-,-
-917.236328, -133.544922, 529.296875
-993.408203, -202.880859, 684.570312
-982.666016, -271.240234, 932.128906
-882.568359, -385.498047, 994.140625
-878.173828, -543.212891, 850.585938
-839.111328, -533.935547, 726.562500
-994.384766, -640.380859, 354.492188
-846.435547, -452.880859, -20.751953
-761.474609, -482.177734, -248.779297
-907.958984, -304.931641, -563.232422
-807.861328, -90.576172, -679.443359
-844.482422, -52.001953, -634.033203
-811.767578, 139.648438, -733.154297
-,-,-
-1055.419922, -226.318359, 894.042969
-818.115234, -259.521484, 1179.199219
-694.580078, -463.623047, 1271.484375
-880.126953, -626.708984, 854.003906
-1047.607422, -715.576172, 493.164062
-832.763672, -604.248047, -39.306641
-718.505859, -554.931641, -476.318359
-442.626953, 36.621094, -1027.587891
-808.837891, 50.781250, -1331.787109
-948.974609, 191.406250, -1498.779297
-,-,-
-800.537109, -60.302734, 460.937500
-1074.951172, -302.001953, 977.050781
-1073.974609, -796.630859, 1999.755859
-641.357422, -1216.552734, 1999.755859
-521.240234, -1819.091797, 725.585938
-307.861328, -939.208984, -1415.283203
-198.486328, -182.861328, -1999.755859
-620.361328, 83.007812, -1999.755859
-811.767578, 288.574219, -1695.068359
-702.880859, 333.007812, -1411.865234
-,-,-
-524.169922, -394.287109, 644.531250
-605.224609, -744.384766, 987.792969
162.109375, -1943.115234, 1999.755859
637.207031, -1999.755859, 1999.755859
-123.779297, -1542.724609, -239.501953
10.253906, 20.996094, -1999.755859
-743.896484, 333.496094, -1999.755859
-955.322266, 366.210938, -1567.626953
-881.103516, 460.937500, -1367.919922
-871.826172, 464.843750, -1131.103516
-,-,-
-701.416016, -70.068359, 178.222656
-1363.037109, -384.521484, 915.527344
-724.365234, -1059.814453, 1999.755859
-802.490234, -1509.521484, 1999.755859
-190.185547, -1015.869141, 953.125000
-396.240234, -364.013672, -984.619141
-482.177734, 246.093750, -1999.755859
-1064.208984, 135.253906, -1999.755859
-1503.662109, 82.519531, -1203.857422
-,-,-
-1044.189453, 26.367188, 50.781250
-1262.939453, -315.673828, 758.300781
-1344.970703, -1062.744141, 1999.755859
-1127.685547, -1251.220703, 1863.281250
-561.767578, -808.837891, -274.169922
-541.259766, -242.431641, -1971.923828
-322.021484, 201.660156, -1999.755859
-370.849609, 437.011719, -1869.873047
-1031.982422, 339.355469, -1209.716797
-,-,-
-673.583984, -540.283203, 1671.386719
-308.349609, -703.857422, 1999.755859
-1046.142578, -1226.318359, 1532.226562
-794.677734, -1068.603516, -152.587891
-484.619141, -506.103516, -1421.142578
-559.326172, -96.435547, -1999.755859
-486.083984, 173.828125, -1999.755859
-823.486328, 66.406250, -1589.111328
-1054.443359, 12.695312, -785.400391
-,-,-
-735.107422, -645.263672, 1999.755859
698.242188, -1557.373047, 1999.755859
-1251.220703, -1832.763672, 465.820312
-479.736328, -1065.673828, -1999.755859
-785.888672, -255.126953, -1999.755859
-847.900391, 171.875000, -1999.755859
-1085.693359, 325.683594, -1649.169922
-,-,-
-986.572266, -59.326172, 226.074219
-868.896484, -99.365234, 430.175781
-903.076172, -278.076172, 995.117188
-864.013672, -657.470703, 1708.984375
-1056.396484, -1124.755859, 1744.628906
-1160.400391, -1218.505859, 529.296875
-773.681641, -938.232422, -503.173828
-717.529297, -399.658203, -1884.521484
-497.314453, 70.800781, -1896.728516
-382.080078, 464.843750, -1578.857422
-,-,-
-1148.681641, -90.576172, 206.054688
-937.744141, -64.208984, 109.863281
-1032.470703, -76.904297, 261.230469
-942.138672, -281.005859, 979.003906
-951.904297, -557.861328, 1484.375000
-824.951172, -645.263672, 1275.390625
-1070.068359, -619.873047, 567.871094
-1205.322266, -683.349609, 135.253906
-1000.732422, -547.607422, -396.728516
-636.962891, -193.115234, -1351.806641
-417.724609, 273.925781, -1906.005859
-713.134766, 334.960938, -1999.755859
-,-,-
-993.408203, -355.224609, 1157.714844
-506.591797, -648.193359, 1999.755859
-754.150391, -1267.822266, 1999.755859
-820.556641, -1224.365234, 611.816406
-814.208984, -1010.986328, -788.330078
-594.970703, -442.138672, -1681.884766
-643.798828, 61.523438, -1999.755859
-694.580078, 499.023438, -1999.755859
-,-,-
-861.572266, -184.814453, 702.148438
-960.693359, -570.068359, 1562.500000
-790.771484, -595.458984, 1653.320312
-906.005859, -849.365234, 1203.613281
-828.369141, -894.287109, 54.687500
-515.380859, -532.958984, -1004.150391
-832.763672, -313.232422, -1701.416016
-594.482422, 140.625000, -1830.322266
-631.103516, 355.957031, -1478.271484
-,-,-
-1207.763672, -406.494141, 1427.734375
-439.697266, -815.185547, 1999.755859
-228.759766, -1111.083984, 1999.755859
-593.994141, -1329.833984, 282.714844
-1031.005859, -1061.279297, -1555.908203
-,-,-
-842.529297, -160.888672, 506.347656
-812.255859, -397.216797, 1187.500000
-930.908203, -605.224609, 1627.929688
-764.892578, -689.697266, 1453.125000
-1117.919922, -954.833984, 1059.570312
-672.607422, -928.955078, 238.769531
-713.623047, -762.939453, -821.533203
-795.166016, -410.888672, -1677.978516
-732.666016, 77.148438, -1925.537109
-,-,-
-1093.505859, -222.412109, 526.367188
-945.068359, -212.646484, 532.226562
-987.548828, -287.353516, 752.929688
-873.291016, -371.826172, 972.656250
-1025.146484, -490.478516, 1088.378906
-799.560547, -418.701172, 713.867188
-1095.458984, -522.705078, 403.320312
-759.521484, -356.689453, -23.681641
-893.310547, -306.396484, -475.341797
-756.103516, -147.705078, -804.931641
-587.158203, 92.773438, -1139.404297
-849.365234, 83.984375, -1197.509766
-766.357422, 191.406250, -1527.587891
-,-,-
-988.037109, -145.263672, 360.351562
-939.208984, -132.080078, 298.828125
-880.126953, -118.896484, 377.929688
-863.037109, -197.998047, 562.500000
-880.126953, -305.908203, 898.925781
-880.126953, -533.935547, 1377.929688
-814.208984, -691.162109, 1551.269531
-747.314453, -674.072266, 1141.601562
-732.666016, -555.419922, 199.218750
-873.779297, -531.982422, -314.208984
-862.060547, -356.201172, -979.736328
-777.587891, -103.271484, -1420.166016
-989.501953, 30.273438, -1537.841797
-1161.376953, 103.515625, -1390.869141
-,-,-
-785.888672, -78.857422, 282.714844
-893.310547, -148.193359, 518.554688
-845.947266, -323.974609, 1124.023438
-701.416016, -585.693359, 1680.175781
-633.544922, -737.060547, 1697.753906
-724.365234, -808.837891, 1116.699219
-747.314453, -793.212891, -26.611328
-853.759766, -577.392578, -905.029297
-771.728516, -205.810547, -1464.599609
-915.771484, -62.255859, -1436.279297
-1132.568359, -30.029297, -1489.990234
-,-,-
-878.173828, -35.400391, 183.593750
-995.361328, -171.142578, 315.429688
-875.732422, -99.853516, 266.601562
-864.013672, -111.572266, 286.132812
-843.017578, -151.611328, 457.519531
-1005.615234, -412.841797, 1290.527344
-556.884766, -739.013672, 1999.755859
-624.755859, -1132.080078, 1999.755859
-521.728516, -971.435547, 529.296875
-682.861328, -774.658203, -424.072266
-1067.138672, -614.013672, -1490.966797
-866.455078, -118.408203, -1946.533203
-1169.677734, 77.148438, -1924.560547
-,-,-
-964.111328, -137.939453, 396.484375
-913.818359, -105.712891, 341.308594
-849.365234, -273.193359, 818.359375
-1013.916016, -504.638672, 1152.343750
-886.474609, -492.919922, 1056.640625
-1130.615234, -623.291016, 952.148438
-1073.486328, -674.560547, 747.070312
-904.541016, -563.232422, 166.015625
-649.658203, -424.560547, -690.185547
-553.955078, -242.919922, -1410.888672
-469.970703, -17.822266, -1559.326172
-689.208984, 151.855469, -1714.599609
-,-,-
-962.158203, -181.396484, 393.066406
-909.912109, -155.517578, 374.023438
-694.580078, -169.189453, 696.777344
-715.576172, -459.716797, 1345.703125
-385.009766, -539.306641, 1743.652344
-443.115234, -790.771484, 1697.265625
-554.931641, -755.615234, 789.550781
-859.130859, -790.771484, -234.130859
-1092.529297, -702.880859, -814.697266
-1042.236328, -242.431641, -1724.853516
-1011.474609, 24.414062, -1684.814453
-1026.611328, 61.035156, -1250.732422
-,-,-
-893.310547, -124.755859, 485.351562
-852.294922, -143.310547, 390.136719
-814.697266, -133.544922, 423.828125
-781.982422, -232.666016, 813.476562
-747.314453, -433.837891, 1273.437500
-649.169922, -492.919922, 1630.859375
-642.822266, -681.396484, 1677.246094
-624.267578, -739.013672, 896.972656
-701.416016, -786.865234, 103.027344
-851.318359, -730.224609, -839.599609
-687.255859, -289.794922, -1521.240234
-1008.056641, -192.138672, -1486.572266
-1043.701172, -71.044922, -1502.685547
-,-,-
-994.873047, -185.302734, 459.960938
-748.779297, -118.408203, 417.968750
-827.392578, -243.896484, 745.117188
-759.033203, -420.654297, 1244.628906
-694.091797, -603.271484, 1405.273438
-815.185547, -733.154297, 1445.312500
-714.111328, -720.458984, 900.390625
-632.080078, -680.419922, 129.394531
-813.232422, -595.458984, -995.361328
-946.044922, -394.287109, -1506.103516
-969.970703, -158.935547, -1178.955078
-988.525391, 18.066406, -969.482422
-771.728516, 19.042969, -710.693359
-1062.255859, 93.750000, -1441.650391
-,-,-
-935.791016, -203.369141, 619.140625
-669.189453, -187.744141, 870.605469
-732.666016, -293.701172, 1122.070312
-630.615234, -438.720703, 1247.558594
-919.189453, -557.861328, 992.187500
-881.591797, -553.466797, 658.203125
-850.830078, -498.779297, 54.687500
-863.037109, -389.404297, -479.736328
-755.126953, -188.232422, -971.435547
-823.974609, -95.458984, -1088.623047
-820.068359, -90.576172, -887.939453
-770.263672, 14.648438, -1071.533203
-637.451172, 41.015625, -1247.802734
-,-,-
-1033.447266, -270.751953, 668.945312
-807.373047, -269.287109, 895.019531
-805.419922, -407.958984, 1263.183594
-607.666016, -367.919922, 1047.363281
-958.740234, -483.154297, 638.671875
-890.380859, -419.677734, 444.335938
-852.783203, -363.037109, -32.958984
-896.728516, -327.880859, -357.177734
-996.826172, -302.978516, -768.310547
-843.505859, -140.380859, -700.927734
-849.365234, -103.271484, -697.021484
-934.326172, -62.255859, -901.123047
-916.748047, -96.435547, -1062.255859
-,-,-
-763.916016, -158.935547, 792.968750
-504.150391, -318.603516, 1454.589844
-621.826172, -528.076172, 1672.851562
-790.771484, -787.841797, 1263.183594
-804.931641, -724.853516, 565.917969
-827.880859, -698.974609, 24.902344
-862.548828, -514.404297, -619.873047
-689.208984, -220.458984, -1119.384766
-691.162109, 1.464844, -1400.634766
-854.736328, 10.742188, -1276.123047
-860.107422, 120.117188, -1256.591797
-,-,-
-774.658203, -201.904297, 754.882812
-823.974609, -392.333984, 1315.429688
-434.326172, -447.021484, 1599.609375
-553.955078, -680.419922, 1568.847656
-459.228516, -696.044922, 906.250000
-686.279297, -818.115234, -212.158203
-1095.947266, -617.919922, -1182.373047
-723.388672, -114.990234, -1509.521484
-763.916016, -20.751953, -1126.708984
-1042.724609, -72.021484, -1188.232422
-918.212891, 129.882812, -1313.232422
-,-,-
-633.056641, -100.830078, 884.765625
-810.791016, -540.283203, 1676.269531
-611.572266, -715.576172, 1965.820312
-845.947266, -950.927734, 1354.003906
-595.458984, -891.357422, 449.707031
-498.779297, -759.033203, -724.853516
-867.919922, -558.349609, -1768.798828
-762.451172, -139.892578, -1999.755859
-,-,-
-808.349609, -149.169922, 380.859375
-815.673828, -247.802734, 610.839844
-897.705078, -509.033203, 1491.210938
-604.248047, -760.009766, 1999.755859
-812.255859, -1077.880859, 1643.554688
-858.642578, -1053.466797, 153.808594
-514.404297, -777.587891, -1317.138672
-817.626953, -332.275391, -1999.755859
-897.705078, -111.083984, -1947.509766
-,-,-
-900.634766, -303.955078, 794.921875
-822.509766, -500.732422, 1253.906250
-715.087891, -648.193359, 1437.011719
-829.345703, -786.865234, 1220.214844
-731.689453, -813.232422, 639.648438
-723.876953, -684.326172, -70.556641
-947.021484, -547.607422, -1116.455078
-859.619141, -259.521484, -1338.623047
-904.541016, -40.771484, -1178.955078
-951.904297, -35.888672, -804.931641
-912.841797, -63.720703, -693.115234
-,-,-
-669.189453, -382.568359, 1395.019531
-527.587891, -586.181641, 1611.816406
-703.857422, -718.505859, 1140.136719
-623.779297, -570.556641, 298.828125
-834.716797, -696.533203, -195.556641
-663.818359, -433.349609, -852.783203
-791.259766, -191.162109, -1514.404297
-880.126953, -39.794922, -1222.900391
-901.123047, -21.240234, -874.755859
-,-,-
-806.396484, -430.419922, 1551.757812
-860.107422, -739.501953, 1738.281250
-935.302734, -871.826172, 1270.019531
-479.736328, -666.748047, 227.539062
-496.337891, -520.751953, -769.775391
-591.552734, -212.646484, -1548.095703
-535.400391, -23.193359, -1450.927734
-729.736328, 3.906250, -1295.654297
-779.541016, 66.406250, -1105.224609
-722.900391, 79.589844, -971.435547
-693.115234, 184.082031, -1424.560547
-,-,-
-741.943359, -500.732422, 1440.429688
-753.173828, -579.345703, 1144.531250
-901.123047, -678.955078, 696.289062
-735.107422, -572.021484, 158.203125
-783.935547, -560.791016, -528.076172
-697.998047, -312.255859, -1452.880859
-515.380859, 51.757812, -1761.474609
-839.599609, -15.380859, -1321.044922
-762.451172, 258.789062, -1203.857422
-,-,-
-991.943359, -236.572266, 880.371094
-861.572266, -398.193359, 1156.738281
-762.451172, -417.724609, 1062.500000
-986.083984, -528.076172, 642.578125
-866.455078, -520.263672, 448.242188
-832.275391, -395.263672, -152.587891
-963.623047, -448.974609, -284.423828
-686.279297, -238.037109, -542.236328
-977.783203, -253.173828, -880.615234
-785.888672, -104.736328, -898.193359
-862.060547, -16.357422, -976.318359
-1022.705078, 25.390625, -958.740234
-861.572266, -49.560547, -607.666016
-996.826172, -52.490234, -772.216797
-,-,-
-664.306641, -556.884766, 1666.992188
-652.099609, -681.396484, 1656.738281
-741.455078, -729.248047, 1117.675781
-851.318359, -740.966797, 415.527344
-669.189453, -645.263672, -255.615234
-749.755859, -520.263672, -822.509766
-747.314453, -279.052734, -1256.591797
-821.533203, -132.568359, -1217.041016
-919.677734, -87.646484, -1205.810547
-948.486328, 93.261719, -1362.060547
-,-,-
-1062.255859, -255.126953, 633.300781
-890.380859, -313.232422, 625.000000
-1007.568359, -489.501953, 952.148438
-910.400391, -566.162109, 1009.765625
-864.013672, -652.099609, 901.367188
-738.525391, -533.935547, 416.992188
-944.580078, -570.556641, 202.636719
-796.630859, -472.412109, -186.279297
-839.111328, -322.509766, -367.919922
-761.474609, -256.591797, -582.763672
-640.380859, -125.732422, -788.330078
-913.818359, -145.263672, -1194.091797
-876.708984, -139.892578, -1237.060547
-,-,-
-1030.029297, -157.958984, 432.617188
-809.326172, -142.333984, 619.140625
-667.724609, -529.052734, 1723.144531
-52.001953, -858.154297, 1999.755859
213.867188, -1214.599609, 1999.755859
-741.455078, -1170.166016, -719.970703
-798.095703, -686.279297, -1925.048828
-1091.064453, -492.431641, -1999.755859
-1201.904297, -241.943359, -1651.123047
-1173.583984, -23.193359, -1394.775391
-,-,-
-761.474609, -406.005859, 1097.167969
-391.357422, -473.876953, 1260.742188
-684.326172, -899.169922, 1682.128906
-308.349609, -1288.818359, 1999.755859
-450.927734, -1503.662109, 1096.191406
-286.376953, -1162.353516, -972.412109
-429.931641, -653.076172, -1999.755859
-524.658203, 56.640625, -1999.755859
-741.943359, 91.796875, -1468.994141
-1139.892578, 123.046875, -1219.970703
-,-,-
-711.669922, -331.787109, 769.531250
-670.166016, -710.693359, 1482.910156
-255.126953, -1013.916016, 1999.755859
-567.138672, -1545.654297, 1999.755859
-513.916016, -1373.779297, 297.851562
-308.349609, -873.291016, -1123.779297
-517.822266, -310.791016, -1917.236328
-553.466797, -13.427734, -1999.755859
-871.337891, -38.818359, -1307.861328
-860.595703, 92.773438, -919.189453
-633.544922, 148.437500, -564.697266
-1002.197266, -50.537109, -704.833984
-,-,-
-624.755859, -697.998047, 1927.734375
-303.466797, -671.630859, 1635.253906
-746.337891, -875.244141, 808.105469
-758.056641, -909.912109, 470.703125
-642.822266, -691.650391, -227.294922
-770.263672, -555.908203, -580.810547
-685.302734, -296.630859, -1288.330078
-571.044922, 19.042969, -1612.060547
-881.103516, 33.691406, -1396.728516
-834.716797, 11.718750, -1290.283203
-816.650391, 12.695312, -1173.583984
-,-,-
-678.466797, -680.419922, 1661.132812
-346.435547, -760.498047, 1888.671875
-639.404297, -1053.466797, 1501.464844
-496.337891, -1037.841797, 721.191406
-408.935547, -806.884766, -558.349609
-559.326172, -570.068359, -1289.306641
-692.138672, -243.896484, -1999.755859
-919.677734, -156.494141, -1838.623047
-1191.650391, -71.533203, -1195.068359
-603.271484, 179.687500, -644.287109
-831.298828, 82.031250, -752.685547
-1044.677734, -38.818359, -887.451172
-,-,-
-957.763672, -881.591797, 1999.755859
-411.865234, -1062.744141, 1999.755859
-840.087891, -1407.470703, 938.964844
-600.830078, -916.259766, -126.220703
-293.212891, -693.603516, -1353.759766
-701.416016, -394.775391, -1596.435547
-724.365234, -174.072266, -1584.716797
-930.908203, -87.158203, -1133.056641
-987.548828, 20.507812, -1113.525391
-,-,-
-1156.982422, -703.369141, 1478.515625
-760.498047, -1390.380859, 1999.755859
-489.013672, -1588.623047, 1564.941406
-371.826172, -1079.833984, -1372.314453
1.953125, -390.869141, -1999.755859
-550.048828, -241.943359, -1999.755859
-539.794922, 155.273438, -1523.681641
-869.873047, 84.472656, -847.900391
-578.857422, 133.300781, -613.525391
-915.283203, -79.833984, -470.458984
-1103.759766, -244.873047, -598.388672
-,-,-
-638.427734, -1008.544922, 1999.755859
667.480469, -1267.822266, 1999.755859
-708.740234, -1796.142578, 331.542969
-978.271484, -984.619141, -1999.755859
-574.462891, -203.369141, -1999.755859
-515.380859, 45.898438, -1573.486328
-890.380859, -80.810547, -927.490234
-876.708984, 8.789062, -734.130859
-785.400391, 4.882812, -442.626953
-837.158203, -12.451172, -440.185547
-857.177734, -55.419922, -459.228516
-1042.724609, -200.927734, -452.880859
-,-,-
-354.248047, -1112.548828, 1999.755859
692.871094, -1489.013672, 1999.755859
-947.998047, -1724.853516, -406.982422
56.152344, -786.865234, -1999.755859
-675.048828, -368.896484, -1999.755859
-908.935547, -133.544922, -1761.474609
-701.416016, 113.281250, -678.466797
-873.291016, 68.847656, -504.150391
-709.228516, -10.498047, -243.408203
-1064.697266, -182.373047, -665.771484
-1114.501953, -208.740234, -712.646484
-,-,-
-761.962891, -895.751953, 1999.755859
752.441406, -1391.357422, 1999.755859
-956.298828, -1999.755859, -194.580078
-168.212891, -842.041016, -1999.755859
-70.556641, -311.279297, -1999.755859
-649.658203, -80.322266, -1779.052734
-471.923828, 86.914062, -1143.310547
-837.158203, -20.751953, -543.212891
-669.189453, 31.250000, -606.201172
-753.662109, -117.431641, -332.275391
-932.373047, -166.748047, -992.919922
-886.962891, -125.732422, -1032.958984
-,-,-
-7.080078, -775.634766, 1999.755859
339.843750, -1431.884766, 1999.755859
-484.130859, -1635.986328, 185.546875
-671.630859, -1045.166016, -1449.951172
-358.642578, -350.341797, -1999.755859
-832.275391, -251.220703, -1999.755859
-659.912109, 75.195312, -1161.865234
-682.861328, 150.390625, -786.376953
-559.326172, 149.414062, -421.630859
-863.037109, -48.095703, -720.947266
-847.900391, -92.529297, -910.888672
-864.013672, -69.091797, -906.005859
-859.130859, -72.998047, -768.310547
-,-,-
90.820312, -1302.001953, 1999.755859
743.164062, -1509.521484, 1999.755859
-1019.775391, -1415.283203, -1416.259766
-55.419922, -297.607422, -1728.759766
-439.208984, -182.861328, -1195.068359
-654.541016, -5.615234, -1134.033203
-471.923828, -70.556641, -803.955078
-773.193359, -23.681641, -1191.162109
-769.287109, -85.693359, -1019.287109
-698.486328, -13.427734, -1030.517578
-926.025391, -93.505859, -1046.142578
-,-,-
-379.638672, -567.138672, 1999.755859
-76.416016, -1065.673828, 1999.755859
-428.466797, -1197.998047, 932.128906
-855.712891, -1181.884766, -551.025391
-393.310547, -661.865234, -1436.279297
-528.564453, -308.349609, -1849.365234
-796.142578, -141.357422, -1924.560547
-812.255859, 2.441406, -1029.541016
-823.486328, 61.523438, -881.103516
-643.798828, 10.742188, -260.986328
-910.400391, -30.029297, -925.537109
-937.744141, -82.763672, -860.107422
-,-,-
-1097.900391, -913.818359, 1999.755859
-243.408203, -1007.568359, 1999.755859
-1125.732422, -1251.708984, 379.882812
-655.029297, -1034.423828, -731.201172
-146.728516, -313.232422, -1586.669922
-395.263672, -141.845703, -1722.900391
-378.662109, 107.421875, -1346.923828
-592.529297, 110.351562, -867.919922
-734.130859, 178.710938, -907.958984
-347.412109, 306.640625, -618.896484
-714.111328, 143.554688, -1287.353516
-708.251953, 41.992188, -1133.056641
-779.541016, 11.718750, -935.791016
-,-,-
-1029.052734, -253.662109, 59.570312
-1146.240234, -712.158203, 275.878906
-1381.103516, -1513.427734, 1999.755859
-1200.927734, -1428.466797, 1501.464844
-758.056641, -1072.021484, 185.546875
-212.646484, -378.173828, -968.994141
-16.357422, 193.359375, -1909.912109
-401.611328, 180.664062, -1996.826172
-794.677734, 28.808594, -1364.013672
-795.654297, 115.234375, -980.712891
-662.353516, 82.031250, -391.845703
-811.279297, 76.171875, -911.865234
-770.263672, 13.671875, -1026.611328
-,-,-
-1063.720703, -428.955078, 774.414062
-1155.517578, -843.994141, 1534.179688
-1049.560547, -848.388672, 1182.128906
-1328.369141, -938.232422, 77.148438
-498.291016, -497.802734, -578.857422
-78.857422, 0.000000, -1521.240234
-363.525391, 116.699219, -1900.634766
-394.775391, 182.128906, -1588.134766
-762.451172, 45.898438, -1034.912109
-805.419922, 40.039062, -787.353516
-,-,-
-987.548828, -84.716797, 41.015625
-965.576172, -268.798828, 320.800781
-1385.009766, -677.001953, 935.058594
-1203.369141, -1007.568359, 1609.375000
-1164.794922, -1365.966797, 1532.226562
-509.521484, -869.873047, -564.697266
-297.607422, -325.927734, -1874.267578
-312.744141, -1.220703, -1999.755859
-544.189453, 59.570312, -1669.677734
-776.611328, 92.773438, -1014.404297
-649.658203, 160.156250, -909.912109
-,-,-
-1002.197266, -153.564453, 251.953125
-1001.220703, -413.818359, 899.902344
-1067.626953, -828.857422, 1775.390625
-1113.525391, -987.060547, 1286.621094
-970.458984, -858.642578, 145.019531
-351.806641, -442.626953, -735.107422
-428.466797, -98.388672, -1811.767578
-511.962891, 26.367188, -1906.982422
-873.291016, -56.396484, -1652.099609
-794.677734, 83.496094, -1158.447266
-,-,-
-989.990234, -134.033203, 377.929688
-1005.615234, -539.306641, 1575.683594
-976.806641, -937.255859, 1882.812500
-1306.884766, -1231.689453, 1363.281250
-825.439453, -968.017578, -105.712891
-330.322266, -287.353516, -1724.853516
-200.439453, 217.285156, -1999.755859
-382.080078, 259.765625, -1928.466797
-627.685547, 277.343750, -963.623047
-594.482422, 225.585938, -763.916016
-,-,-
-896.240234, -55.419922, 61.523438
-748.291016, 67.871094, -18.798828
-857.177734, -9.521484, 161.132812
-1305.908203, -670.654297, 1517.578125
-1132.568359, -1569.580078, 1999.755859
-1288.818359, -1948.974609, 1004.394531
-635.498047, -1124.755859, -1919.189453
-302.490234, -194.091797, -1999.755859
-317.138672, 168.457031, -1719.970703
-344.970703, 294.921875, -672.607422
-727.783203, 191.406250, -959.228516
-647.705078, 304.199219, -1284.423828
-660.888672, 203.613281, -1177.978516
-947.021484, -54.931641, -738.525391
-,-,-
-776.611328, -122.314453, 346.191406
-1205.322266, -589.111328, 1420.410156
-757.568359, -694.091797, 1778.808594
-1165.771484, -1082.275391, 983.886719
-1067.138672, -906.982422, -127.685547
-385.498047, -354.736328, -1306.884766
-404.052734, -111.083984, -1646.240234
-499.755859, 59.570312, -1912.841797
-525.634766, 127.929688, -1247.802734
-718.505859, 122.070312, -989.013672
-716.552734, 100.097656, -629.638672
-873.291016, 82.031250, -801.025391
-822.021484, 3.906250, -793.701172
-,-,-
-978.271484, -141.357422, 266.113281
-1014.892578, -384.521484, 1220.214844
-1185.791016, -712.646484, 1170.898438
-1346.435547, -975.341797, 952.148438
-1013.916016, -1113.525391, 519.042969
-678.955078, -897.705078, -872.314453
-259.521484, -141.357422, -1999.755859
-341.552734, 101.562500, -1999.755859
-800.537109, 109.375000, -1153.564453
-728.759766, 220.214844, -781.494141
-,-,-
-1072.021484, -349.365234, 1116.210938
-874.267578, -587.646484, 1476.562500
-1163.818359, -985.107422, 1386.718750
-697.509766, -703.857422, 245.605469
-678.466797, -595.458984, -888.427734
-624.267578, -386.962891, -1306.884766
-315.673828, -26.123047, -1560.302734
-803.955078, -92.529297, -1523.193359
-768.310547, -48.583984, -1149.169922
-595.458984, 121.093750, -971.435547
-808.837891, -35.888672, -902.099609
-882.080078, -52.001953, -988.037109
-,-,-
-968.994141, -156.005859, 191.406250
-1027.587891, -335.205078, 522.949219
-956.298828, -672.607422, 1497.558594
-580.810547, -961.181641, 1999.755859
-469.482422, -1213.134766, 1586.425781
-447.998047, -1023.193359, -1140.869141
-745.361328, -549.560547, -1999.755859
-444.580078, -52.490234, -1999.755859
-701.416016, 29.296875, -1215.576172
-765.869141, 89.843750, -781.005859
-,-,-
-1075.927734, -425.537109, 963.378906
-576.904297, -621.337891, 1887.695312
-835.205078, -864.990234, 1767.089844
-996.337891, -1104.248047, 549.804688
-710.693359, -929.931641, -328.369141
-334.228516, -501.708984, -1434.814453
-672.607422, -322.021484, -1999.755859
-651.611328, -70.068359, -1999.755859
-648.193359, 126.953125, -1407.958984
-,-,-
-842.041016, -190.185547, 20.996094
-968.994141, -229.248047, 174.316406
-1010.498047, -320.068359, 387.695312
-1150.634766, -723.876953, 1216.308594
-864.013672, -1218.017578, 1999.755859
-236.572266, -1271.240234, 1961.425781
-895.751953, -1286.376953, -758.056641
-549.560547, -474.853516, -1999.755859
-702.880859, -129.638672, -1999.755859
-663.330078, 185.058594, -1326.416016
-708.251953, 178.710938, -730.224609
-,-,-
-1007.080078, -269.287109, 32.226562
-1026.611328, -433.349609, 437.011719
-1030.029297, -644.775391, 1078.125000
-1123.779297, -825.439453, 1358.398438
-822.509766, -779.541016, 1144.531250
-475.341797, -632.568359, 325.683594
-401.611328, -407.470703, -459.228516
-381.103516, -122.314453, -1390.869141
-634.521484, -17.822266, -1615.478516
-710.205078, -2.685547, -1369.873047
-1029.541016, 74.218750, -1309.814453
-1067.138672, 422.851562, -1028.564453
-,-,-
-942.626953, -283.935547, 596.679688
-1218.994141, -796.630859, 1614.746094
-1220.458984, -943.115234, 1274.414062
-1343.017578, -1144.775391, 1011.230469
-800.048828, -896.728516, -363.525391
-249.267578, -208.740234, -1629.638672
-169.677734, 320.800781, -1999.755859
-319.091797, 429.687500, -1532.470703
-361.083984, 511.718750, -1184.326172
-586.669922, 391.113281, -662.841797
-1049.072266, 77.148438, -737.060547
-,-,-
-913.330078, -1077.880859, 1370.605469
-1043.212891, -883.056641, 316.406250
-429.443359, -477.294922, -734.619141
-160.400391, -66.162109, -1721.923828
-232.177734, 264.648438, -1999.755859
-133.056641, 417.968750, -1697.998047
-582.275391, 376.953125, -1400.634766
-713.134766, 271.972656, -1303.466797
-544.189453, 199.218750, -1080.810547
-1014.892578, -182.373047, -763.916016
-1031.494141, -183.349609, -604.736328
-883.544922, -257.080078, -322.509766
-913.330078, -256.591797, 128.417969
-,-,-
-1010.009766, -153.564453, 322.753906
-1100.830078, -420.166016, 1135.253906
-902.099609, -627.685547, 1290.039062
-1069.091797, -799.560547, 914.550781
-810.791016, -723.388672, 359.375000
-619.384766, -510.498047, -439.697266
-500.732422, -116.455078, -1464.599609
-531.982422, 142.578125, -1823.974609
-592.529297, 261.718750, -1328.369141
-668.212891, 336.425781, -1108.154297
-832.763672, 266.601562, -701.904297
-1141.357422, -27.099609, -651.611328
-1034.423828, -7.568359, -581.787109
-,-,-
-948.974609, -1003.662109, 511.718750
-773.681641, -791.748047, -419.189453
-648.193359, -417.724609, -1390.380859
-369.384766, 8.789062, -1608.154297
-257.568359, 270.996094, -1456.787109
-551.513672, 264.648438, -1011.474609
-672.607422, 297.851562, -863.525391
-894.775391, 167.968750, -822.509766
-1126.708984, 79.101562, -906.005859
-,-,-
-1156.494141, -809.326172, 1999.755859
-319.580078, -1307.373047, 1999.755859
-1127.685547, -1487.548828, 520.996094
-399.169922, -954.345703, -838.134766
-246.337891, -189.697266, -1999.755859
-173.583984, 260.742188, -1999.755859
-349.853516, 302.246094, -1470.458984
-726.318359, 245.117188, -903.076172
-742.431641, 155.273438, -298.583984
-1052.978516, -13.427734, -570.556641
-,-,-
-1243.408203, -439.697266, 1148.925781
-740.966797, -859.619141, 1999.755859
-935.791016, -1107.177734, 1713.867188
-519.287109, -936.279297, 619.140625
-553.955078, -716.552734, -938.720703
-421.142578, -257.080078, -1951.904297
-419.189453, 327.148438, -1999.755859
-679.443359, 336.914062, -1592.041016
-674.560547, 176.757812, -366.943359
-972.412109, 149.414062, -607.177734
-1024.169922, -32.470703, -735.107422
-,-,-
-861.572266, -633.544922, 1550.292969
-735.595703, -1023.193359, 1999.755859
-781.982422, -1294.677734, 1458.496094
-624.755859, -726.806641, -749.267578
-655.029297, -333.251953, -1864.013672
-838.623047, -161.865234, -1999.755859
-681.884766, 110.351562, -1337.646484
-864.501953, 149.902344, -986.083984
-917.724609, 16.113281, -463.623047
-1083.251953, -96.435547, -522.216797
-,-,-
-619.384766, -572.509766, 1812.500000
-387.451172, -860.595703, 1999.755859
-562.744141, -902.099609, 848.144531
-909.912109, -740.478516, -513.427734
-813.232422, -413.818359, -1437.255859
-895.751953, -116.455078, -1769.775391
-859.130859, 65.429688, -1475.341797
-743.896484, 259.765625, -1309.814453
-771.728516, 183.105469, -864.990234
-939.697266, -42.724609, -793.701172
-,-,-
-781.005859, -416.748047, 1320.800781
-583.740234, -728.271484, 1926.757812
-487.060547, -875.732422, 1849.121094
-448.486328, -928.955078, 630.371094
-875.244141, -795.166016, -725.830078
-1058.837891, -470.947266, -1740.478516
-1004.638672, -59.326172, -1879.150391
-965.087891, 125.976562, -1013.427734
-867.919922, 116.210938, -602.294922
-893.310547, 50.292969, -313.232422
-1138.427734, -48.095703, -755.615234
-,-,-
-850.341797, -373.291016, 1310.546875
128.417969, -547.607422, 1999.755859
-434.814453, -1065.673828, 1985.839844
-664.794922, -1135.498047, -30.029297
-776.123047, -797.607422, -1320.068359
-1079.833984, -529.052734, -1946.044922
-850.341797, -22.216797, -1681.884766
-828.857422, 153.320312, -958.251953
-835.205078, 182.128906, -723.388672
-974.365234, -17.822266, -557.373047
-1046.142578, -99.853516, -694.091797
-,-,-
-887.939453, -356.689453, 482.421875
-878.173828, -429.443359, 1144.531250
-670.166016, -608.642578, 1596.191406
-527.099609, -688.232422, 1649.902344
-663.330078, -823.974609, 587.402344
-729.736328, -723.388672, -511.474609
-765.869141, -465.576172, -1414.794922
-843.017578, -157.958984, -1913.818359
-818.115234, 45.898438, -1343.505859
-793.701172, 84.960938, -898.193359
-861.083984, -12.451172, -678.466797
-1015.869141, -173.583984, -854.736328
-,-,-
-814.208984, -333.740234, 1388.183594
-220.947266, -729.248047, 1999.755859
-529.541016, -959.716797, 1587.402344
-744.873047, -983.154297, -4.150391
-825.927734, -671.142578, -983.642578
-907.470703, -354.248047, -1536.865234
-933.837891, -79.833984, -1764.892578
-924.560547, 94.726562, -1218.505859
-822.021484, 214.843750, -654.541016
-965.576172, -62.255859, -364.990234
-1202.880859, -137.939453, -571.044922
-,-,-
-837.646484, -398.681641, 476.074219
-656.494141, -436.767578, 1161.621094
-694.580078, -837.646484, 1967.773438
-424.560547, -1120.849609, 1999.755859
-554.931641, -1101.806641, 530.273438
-804.443359, -830.810547, -1176.513672
-682.373047, -340.087891, -1864.990234
-715.087891, -117.431641, -1877.197266
-975.341797, -146.240234, -1173.095703
-823.486328, -22.216797, -1119.873047
-842.041016, -159.912109, -557.373047
-1056.884766, -335.205078, -509.521484
-995.361328, -310.302734, -432.861328
-826.904297, -144.287109, -627.685547
-,-,-
-932.861328, -450.439453, 792.968750
-194.091797, -828.857422, 1999.755859
-289.794922, -1075.439453, 1999.755859
-873.779297, -1665.771484, 686.523438
-728.759766, -1180.419922, -1681.884766
-672.607422, -318.603516, -1999.755859
-725.341797, -44.677734, -1429.443359
-796.142578, 23.437500, -916.259766
-858.154297, -65.185547, -290.771484
-837.646484, -114.990234, -633.056641
-846.435547, -118.896484, -574.951172
-881.103516, -171.142578, -794.677734
-,-,-
-1002.197266, -573.974609, 1113.769531
-360.107422, -1098.876953, 1999.755859
-625.244141, -1218.505859, 1990.234375
-783.447266, -1344.970703, 392.089844
-71.533203, -735.107422, -1255.615234
-416.259766, -447.021484, -1900.634766
-681.884766, -193.115234, -1999.755859
-889.404297, -223.876953, -1474.365234
-1147.705078, -186.767578, -1105.712891
-,-,-
-835.205078, -308.837891, 352.539062
-985.107422, -535.400391, 909.179688
-870.361328, -937.255859, 1923.339844
-657.470703, -1528.076172, 1999.755859
-776.123047, -1807.861328, 379.882812
-88.134766, -1138.427734, -1724.853516
-193.115234, -332.763672, -1999.755859
-376.220703, -40.283203, -1999.755859
-558.349609, 115.722656, -1215.087891
-698.486328, 200.683594, -1223.388672
-,-,-
-1093.505859, -478.271484, 212.890625
-957.275391, -441.162109, 342.285156
-881.591797, -391.845703, 248.046875
-848.876953, -344.482422, 281.738281
-832.763672, -327.880859, 321.289062
-812.255859, -438.720703, 748.046875
-640.380859, -785.888672, 1860.351562
-332.763672, -1118.896484, 1999.755859
-497.314453, -1452.392578, 1020.019531
-771.728516, -1189.208984, -488.525391
-150.146484, -591.552734, -1365.966797
-841.552734, -541.259766, -1984.619141
-721.923828, -159.912109, -1986.572266
-1154.052734, -40.771484, -1564.208984
-,-,-
-1094.482422, -367.919922, 250.000000
-960.693359, -364.013672, 182.617188
-985.107422, -307.373047, 93.750000
-993.896484, -282.470703, 158.203125
-965.087891, -282.958984, 149.902344
-874.755859, -217.041016, 90.820312
-867.431641, -311.279297, 239.746094
-960.693359, -613.037109, 1235.839844
-443.115234, -999.755859, 1999.755859
30.761719, -1401.611328, 1987.304688
-1322.509766, -1523.681641, -1406.982422
-589.111328, -551.513672, -1979.248047
-872.314453, -298.583984, -1809.326172
-892.822266, -142.333984, -1165.283203
-853.271484, 118.652344, -1254.638672
-,-,-
-1120.849609, -502.685547, 321.289062
-885.986328, -278.076172, 119.140625
-1039.306641, -369.873047, 28.320312
-927.001953, -317.138672, 81.054688
-1086.181641, -379.638672, 32.226562
-867.431641, -272.705078, 14.648438
-953.857422, -426.513672, 449.218750
-820.556641, -661.376953, 1433.105469
-557.373047, -984.619141, 1999.755859
-159.423828, -1324.951172, 1723.144531
-1016.357422, -1382.568359, -1266.845703
-562.255859, -522.705078, -1999.755859
-1011.962891, -408.447266, -1999.755859
-760.498047, -43.701172, -937.744141
-861.572266, -2.685547, -832.763672
-,-,-
-1073.974609, -348.388672, 107.421875
-852.294922, -320.556641, 123.046875
-977.783203, -546.630859, 540.527344
-482.177734, -588.134766, 1726.074219
-444.580078, -1197.998047, 1999.755859
-654.052734, -1533.935547, 726.562500
-659.912109, -1223.388672, -1424.072266
-963.134766, -737.060547, -1999.755859
-1085.205078, -368.408203, -1999.755859
-697.021484, -35.400391, -1177.978516
-932.373047, -110.107422, -722.900391
-785.400391, -77.880859, -476.806641
-888.916016, -213.623047, -179.931641
-910.888672, -258.544922, -309.814453
-,-,-
-819.091797, -410.888672, 702.148438
-587.158203, -400.634766, 731.445312
-830.810547, -881.103516, 1846.191406
-592.529297, -1302.001953, 1999.755859
-912.353516, -1606.689453, 963.867188
-479.736328, -1019.775391, -1259.033203
-459.228516, -443.115234, -1999.755859
-890.869141, -193.115234, -1999.755859
-743.896484, 61.523438, -988.037109
-990.966797, 61.523438, -840.576172
-,-,-
-1137.451172, -806.884766, 1340.820312
-883.544922, -946.533203, 1839.843750
-968.017578, -811.767578, 758.300781
-941.162109, -207.763672, -1133.056641
-861.572266, 579.101562, -1784.423828
-837.646484, 560.058594, -1103.759766
-865.478516, 307.617188, -641.357422
-1174.072266, 55.664062, -470.947266
-654.541016, 136.230469, -650.634766
-633.544922, 76.171875, -757.568359
-697.021484, -3.662109, -734.619141
-,-,-
-974.853516, 60.546875, 165.039062
-994.384766, 64.941406, 80.078125
-1031.494141, 42.968750, 40.039062
-975.830078, -91.552734, 146.484375
-941.650391, -335.693359, 700.195312
-999.267578, -552.978516, 1618.164062
-1317.626953, -804.443359, 1370.605469
-1181.396484, -549.560547, 315.429688
-701.416016, 108.398438, -236.083984
-1180.908203, 120.605469, -669.677734
-1033.447266, 235.839844, -979.736328
-973.876953, 109.375000, -910.400391
-,-,-
-798.583984, 89.355469, 548.339844
-800.537109, -16.845703, 1086.914062
-848.876953, -203.369141, 1496.093750
-832.763672, -272.705078, 1343.750000
-905.517578, -409.912109, 789.550781
-1117.431641, -682.373047, 217.285156
-1042.724609, -525.146484, -797.607422
-997.314453, -309.326172, -1242.431641
-951.416016, -134.521484, -1283.447266
-923.095703, -18.798828, -1021.240234
-,-,-
-971.435547, 10.742188, 78.125000
-981.201172, -69.091797, 127.441406
-965.087891, -74.951172, 125.000000
-919.189453, -5.126953, 216.308594
-978.271484, 22.460938, 452.636719
-682.861328, 208.496094, 1501.464844
-1071.044922, -152.587891, 1999.755859
-1149.658203, -205.322266, 1375.976562
-785.888672, -604.248047, -274.169922
-907.470703, -690.185547, -1093.994141
-887.939453, -461.181641, -1072.509766
-974.365234, -401.123047, -576.904297
-899.169922, -356.689453, -316.162109
-942.626953, -320.556641, -426.513672
-1090.576172, -243.896484, -666.748047
-1031.005859, -170.166016, -743.408203
-,-,-
-935.791016, 23.437500, 226.562500
-1040.283203, -124.755859, 277.343750
-945.068359, 16.113281, 314.453125
-884.521484, -14.404297, 481.445312
-923.583984, -47.119141, 814.453125
-883.544922, -18.798828, 1348.632812
-1067.138672, -224.365234, 1492.187500
-952.392578, -352.783203, 959.472656
-884.521484, -571.044922, 379.882812
-926.513672, -692.626953, -76.904297
-967.529297, -735.107422, -409.423828
-828.369141, -533.935547, -520.263672
-957.763672, -491.455078, -609.619141
-1105.712891, -252.197266, -838.623047
-,-,-
-1080.810547, -172.607422, 1041.992188
-898.681641, -114.990234, 1196.777344
-1027.587891, -228.271484, 911.621094
-897.216797, -475.341797, 612.792969
-855.712891, -686.279297, 224.609375
-873.291016, -790.771484, -227.294922
-1079.833984, -806.396484, -734.130859
-1077.880859, -604.248047, -928.466797
-,-,-
-967.529297, 69.335938, 664.062500
-1027.587891, 135.253906, 1143.554688
-1143.798828, -71.044922, 1395.996094
-1008.544922, -333.740234, 1132.324219
-899.658203, -661.376953, 616.210938
-933.349609, -961.181641, -99.365234
-1010.986328, -735.107422, -624.755859
-1150.146484, -592.529297, -995.849609
-919.189453, -519.287109, -1035.888672
-,-,-
-971.923828, 7.812500, 530.273438
-1159.423828, 106.445312, 1051.757812
-1031.982422, 42.968750, 1210.937500
-1118.896484, -321.533203, 947.265625
-881.103516, -543.212891, 481.933594
-804.443359, -551.513672, -17.822266
-1097.412109, -847.900391, -542.236328
-956.298828, -718.505859, -789.306641
-640.869141, -520.263672, -1001.708984
-,-,-
-1010.498047, -98.388672, 222.656250
-1030.029297, 60.546875, 638.183594
-952.880859, 201.660156, 1212.890625
-1157.958984, -97.412109, 1518.554688
-958.251953, -253.662109, 1090.332031
-850.341797, -599.365234, 395.996094
-894.775391, -821.533203, -427.490234
-1076.416016, -740.966797, -886.474609
-861.572266, -468.505859, -905.029297
-940.673828, -503.662109, -898.193359
-1044.677734, -425.048828, -915.283203
-,-,-
-1096.923828, 43.945312, 994.140625
-1276.611328, -256.591797, 1337.890625
-1247.802734, -468.017578, 843.750000
-903.076172, -759.521484, 160.156250
-736.083984, -881.103516, -449.951172
-659.423828, -768.310547, -893.798828
-819.091797, -631.591797, -1094.482422
-731.689453, -521.240234, -1181.884766
-,-,-
-1009.521484, -120.361328, 148.925781
-1017.333984, -81.787109, 774.902344
-1078.369141, -149.658203, 1022.460938
-1105.224609, -416.748047, 943.359375
-1063.232422, -531.982422, 506.835938
-871.826172, -137.939453, -59.814453
-1048.095703, -848.388672, -741.455078
-1044.189453, -572.509766, -1099.365234
-882.568359, -522.705078, -1404.052734
-975.830078, -339.599609, -1340.576172
-795.654297, -67.626953, -1120.849609
-,-,-
-907.958984, -82.275391, -672.119141
-894.287109, -31.982422, -486.083984
-,-,-
-920.654297, -30.029297, 479.980469
-1276.611328, -54.931641, 719.238281
-1089.111328, -74.951172, 1111.816406
-1102.294922, -272.216797, 1020.507812
-1075.927734, -383.544922, 555.664062
-953.857422, -574.462891, 59.570312
-897.705078, -626.220703, -407.958984
-693.115234, -495.849609, -586.181641
-920.654297, -660.400391, -820.068359
-876.708984, -435.302734, -896.728516
-,-,-
-1056.396484, -48.583984, 282.714844
-1127.685547, -46.630859, 776.367188
-941.650391, 39.062500, 1149.414062
-995.361328, -27.099609, 1006.835938
-1002.197266, -300.537109, 884.765625
-861.572266, -431.396484, 400.390625
-1030.029297, -655.517578, -99.365234
-1134.033203, -652.099609, -590.087891
-816.162109, -404.541016, -602.294922
-1024.169922, -535.888672, -536.865234
-1014.404297, -400.146484, -730.224609
-,-,-
-990.966797, -48.583984, 461.425781
-1104.248047, -69.580078, 698.730469
-1074.951172, -94.482422, 1193.847656
-875.732422, -237.548828, 1547.363281
-917.236328, -303.955078, 893.066406
-909.912109, -570.068359, 265.625000
-908.447266, -688.232422, -243.408203
-794.677734, -592.041016, -552.490234
-877.685547, -656.494141, -732.177734
-950.439453, -557.861328, -975.341797
-,-,-
-1059.814453, -149.169922, 175.292969
-1135.009766, -39.306641, 402.343750
-977.294922, -98.388672, 793.945312
-885.009766, -214.599609, 893.066406
-898.681641, -333.740234, 657.226562
-1017.333984, -335.693359, 311.523438
-1056.884766, -403.076172, 33.203125
-924.072266, -535.888672, -203.369141
-897.705078, -557.373047, -473.876953
-991.943359, -610.107422, -678.955078
-949.462891, -499.755859, -913.818359
-1009.521484, -369.873047, -1039.794922
-,-,-
-985.107422, -87.158203, 641.601562
-1003.173828, -0.244141, 1126.953125
-1000.244141, -247.802734, 1184.570312
-917.724609, -450.927734, 824.218750
-923.095703, -666.748047, 287.597656
-1154.052734, -679.443359, -349.853516
-1090.087891, -453.369141, -635.986328
-913.330078, -615.966797, -670.654297
-,-,-
-966.552734, -48.583984, 465.820312
-1086.181641, -142.333984, 832.031250
-884.033203, -218.994141, 1262.695312
-921.630859, -213.623047, 1165.039062
-942.138672, -339.111328, 780.761719
-823.974609, -615.966797, 266.601562
-834.716797, -620.849609, -291.748047
-996.826172, -531.982422, -955.810547
-927.490234, -621.337891, -875.732422
-,-,-
-1167.724609, -150.146484, 419.921875
-1040.771484, -162.841797, 669.921875
-1031.494141, -175.537109, 708.007812
-1156.982422, -345.458984, 838.867188
-962.646484, -413.818359, 735.839844
-1009.521484, -712.646484, 286.132812
-867.431641, -794.189453, -222.900391
-792.724609, -620.361328, -645.263672
-,-,-
-844.482422, -84.228516, 424.804688
-1129.638672, -112.060547, 974.609375
-593.994141, -109.130859, 1790.039062
-738.037109, -249.755859, 1550.292969
-1222.412109, -438.720703, 463.867188
-1098.388672, -638.916016, -92.529297
-753.173828, -473.876953, -392.822266
-810.791016, -385.498047, -701.904297
-904.541016, -413.818359, -711.669922
-,-,-
-969.482422, -31.982422, 230.468750
-987.548828, 30.273438, 593.750000
-1058.837891, -136.962891, 972.656250
-897.216797, -89.111328, 1236.816406
-874.755859, -197.509766, 1006.835938
-920.166016, -380.615234, 692.871094
-815.673828, -491.943359, 142.089844
-928.466797, -760.498047, -435.791016
-927.978516, -722.412109, -927.490234
-,-,-
-858.154297, -69.091797, 348.144531
-926.025391, 39.062500, 976.074219
-921.630859, 16.601562, 1652.832031
-825.927734, -239.013672, 1616.699219
-1148.681641, -408.447266, 886.718750
-924.072266, -808.349609, 113.281250
-1010.498047, -827.392578, -638.427734
-868.896484, -726.806641, -991.943359
-,-,-
-833.740234, 127.441406, 463.867188
-1311.767578, -171.142578, 1263.183594
-1118.896484, -114.501953, 1692.871094
-1218.994141, -214.599609, 967.773438
-777.587891, -495.361328, 166.503906
-758.544922, -716.552734, -407.958984
-796.142578, -794.189453, -921.630859
-809.814453, -571.044922, -966.552734
-,-,-
-764.404297, 223.632812, 568.359375
-761.962891, 57.617188, 1109.863281
-1122.314453, -101.806641, 1630.371094
-1059.814453, -182.861328, 1564.941406
-1014.892578, -341.552734, 1137.207031
-892.822266, -647.216797, 312.500000
-1060.302734, -739.013672, -564.697266
-967.529297, -610.595703, -906.982422
-883.544922, -462.158203, -843.505859
-908.935547, -224.365234, -826.416016
-,-,-
-815.673828, 74.707031, 1263.183594
-795.166016, -146.240234, 1538.085938
-956.787109, -199.951172, 1172.851562
-739.013672, -299.560547, 697.753906
-880.615234, -521.728516, 290.039062
-1143.310547, -426.513672, -156.005859
-1119.384766, -524.658203, -192.138672
-992.919922, -525.146484, -298.583984
-1024.169922, -531.982422, -463.134766
-961.669922, -340.087891, -801.513672
-,-,-
-917.724609, 50.292969, 569.335938
-876.708984, -9.521484, 898.437500
-1024.169922, 68.359375, 1284.179688
-439.697266, 0.488281, 1532.226562
-980.712891, -443.115234, 1034.179688
-1174.072266, -555.908203, 455.566406
-1040.283203, -491.943359, -12.451172
-998.779297, -525.146484, -564.208984
-997.314453, -434.326172, -929.443359
-1109.619141, -309.326172, -903.076172
-932.861328, -258.544922, -806.884766
-,-,-
-856.201172, -35.888672, 1358.398438
-905.517578, -183.349609, 1137.695312
-966.552734, -327.880859, 659.179688
-1042.236328, -483.154297, 213.867188
-1131.591797, -607.177734, -221.923828
-1049.072266, -544.189453, -528.076172
-998.779297, -407.470703, -822.998047
-966.552734, -197.021484, -1015.380859
-,-,-
-953.857422, -152.587891, 370.605469
-1010.498047, 49.316406, 1047.363281
-1195.556641, -382.568359, 1975.097656
-1275.634766, -827.392578, 1520.019531
-1184.326172, -638.916016, -56.396484
-1009.033203, -684.326172, -937.744141
-602.294922, -660.888672, -956.787109
-589.599609, -438.232422, -1042.724609
-,-,-
-1038.818359, 98.632812, 205.078125
-1048.583984, -62.255859, 508.789062
-718.505859, -59.326172, 1218.261719
-826.416016, -543.701172, 1999.755859
-881.591797, -623.291016, 1450.195312
-981.689453, -592.041016, 272.460938
-1011.962891, -845.947266, -650.634766
-899.169922, -640.869141, -1021.728516
-627.685547, -296.630859, -902.099609
-,-,-
-913.818359, -47.607422, 548.828125
-745.361328, -295.166016, 1254.882812
-860.107422, -871.826172, 1683.593750
-806.396484, -868.408203, 1069.824219
-904.541016, -383.544922, 57.617188
-1061.279297, -512.451172, -406.982422
-1114.013672, -472.900391, -745.361328
-998.291016, -100.341797, -824.951172
-1050.048828, -91.552734, -754.638672
-1116.943359, -20.263672, -821.533203
-,-,-
-927.490234, -29.052734, 269.531250
-933.349609, -16.357422, 625.000000
-885.986328, -219.482422, 1252.929688
-824.951172, -495.849609, 1897.949219
-727.783203, -563.232422, 1133.300781
-780.517578, -290.771484, 171.386719
-725.830078, -264.404297, -343.505859
-1204.833984, -396.240234, -896.728516
-1123.291016, -194.091797, -947.021484
-,-,-
-878.173828, -8.544922, 484.375000
-948.974609, -351.806641, 1174.316406
-1113.525391, -1000.732422, 1869.140625
-901.611328, -735.107422, 1095.703125
-1157.470703, -537.841797, 174.316406
-946.533203, -236.083984, -585.205078
-1044.189453, -123.779297, -978.271484
-1071.044922, -59.326172, -1179.931641
-,-,-
-970.458984, -98.388672, 780.761719
-866.943359, -289.306641, 1414.550781
-1177.490234, -614.013672, 1718.261719
-1099.365234, -609.619141, 1241.699219
-941.162109, -517.333984, 352.050781
-766.845703, -293.701172, -346.923828
-860.595703, -316.162109, -902.099609
-841.552734, -49.072266, -1124.755859
-,-,-
-880.615234, -46.630859, 580.078125
-1135.009766, -387.939453, 1479.003906
-980.712891, -788.818359, 1918.457031
-821.533203, -640.380859, 1177.246094
-740.478516, -465.576172, 189.941406
-849.853516, -489.013672, -578.857422
-1115.478516, -400.146484, -1364.990234
-889.892578, -52.978516, -1202.880859
-,-,-
-848.876953, 94.726562, 311.523438
-1156.005859, 202.636719, 632.324219
-1066.650391, 240.234375, 1062.500000
-1022.705078, -426.513672, 1606.445312
-1167.236328, -1420.654297, 1367.675781
-1016.357422, -1482.177734, 476.074219
-399.658203, -1255.615234, -291.748047
-509.033203, -782.958984, -1181.884766
-727.783203, -185.791016, -1480.224609
-817.138672, -48.095703, -1397.705078
-885.009766, -80.810547, -1188.232422
-,-,-
-979.736328, 18.066406, 939.453125
-1139.892578, -46.142578, 1364.257812
-926.513672, -199.462891, 1717.285156
-886.474609, -733.642578, 1503.417969
-904.541016, -1227.294922, 822.753906
-597.412109, -1652.587891, -472.900391
-559.814453, -1468.994141, -1410.888672
-661.865234, -668.701172, -1482.666016
-343.994141, 214.843750, -1218.505859
-843.505859, 237.792969, -916.259766
-1124.267578, 208.007812, -998.291016
-,-,-
-844.482422, 85.449219, 1028.808594
-1031.494141, -253.173828, 1854.980469
-889.404297, -787.841797, 1755.859375
-905.517578, -1228.759766, 1086.425781
-439.697266, -1157.958984, -204.833984
-593.017578, -1105.224609, -1207.275391
-1086.669922, -503.173828, -1837.646484
-743.896484, -47.119141, -1125.732422
-,-,-
-885.986328, -31.982422, 410.644531
-1024.658203, -149.169922, 792.968750
-1287.353516, -296.630859, 1448.242188
-1134.521484, -757.080078, 1839.843750
-917.724609, -1015.380859, 1111.816406
-645.263672, -973.388672, 202.636719
-763.916016, -898.193359, -672.119141
-603.271484, -512.939453, -1591.064453
-770.263672, 1.464844, -1999.755859
-820.556641, 74.707031, -1481.689453
-,-,-
-1055.419922, 25.390625, 690.429688
-1006.591797, -211.669922, 1160.644531
-897.705078, -1074.462891, 1999.755859
-602.783203, -1416.259766, 1609.863281
-534.423828, -1329.833984, 86.425781
-885.986328, -763.427734, -1458.251953
-872.314453, -183.837891, -1618.896484
-786.865234, -12.451172, -1394.775391
-819.091797, 182.617188, -1322.998047
-,-,-
-824.951172, -30.029297, 933.105469
-916.748047, -250.244141, 1682.617188
-1038.330078, -650.146484, 1658.203125
-1091.552734, -885.009766, 807.128906
-1070.068359, -986.083984, -114.501953
-770.263672, -863.037109, -875.244141
-782.958984, -486.572266, -1230.224609
-748.779297, -48.095703, -1159.912109
-786.865234, 75.195312, -844.970703
-796.142578, 204.101562, -941.162109
-,-,-
-1124.267578, 155.761719, 1013.671875
-1014.892578, -251.220703, 1952.148438
-830.810547, -930.419922, 1785.156250
-716.064453, -1148.681641, 1078.125000
-348.388672, -1315.673828, -122.802734
-710.693359, -973.876953, -1464.111328
-850.341797, -39.794922, -1859.130859
-669.189453, 181.640625, -1078.857422
-934.326172, 164.550781, -864.013672
-,-,-
-1032.470703, -230.224609, 921.875000
-1402.587891, -667.724609, 1395.996094
-1338.134766, -1170.654297, 1715.820312
-838.134766, -1037.841797, 1112.792969
-711.669922, -1060.302734, 412.597656
-572.998047, -734.130859, -859.619141
-821.533203, -347.412109, -1766.357422
-1061.279297, 61.523438, -1877.197266
-,-,-
-881.103516, 149.902344, 403.320312
-1283.935547, 9.765625, 1051.269531
-1218.017578, -160.888672, 1999.755859
-1120.849609, -1356.201172, 1999.755859
-438.232422, -1540.771484, 277.832031
-747.314453, -1296.630859, -1859.130859
-822.021484, -503.662109, -1857.666016
-408.447266, -30.029297, -1341.552734
-647.216797, 94.726562, -1293.701172
-,-,-
-761.474609, 174.804688, 943.847656
-1141.845703, -668.701172, 1999.755859
-793.212891, -1950.927734, 1999.755859
-729.248047, -1392.333984, 211.914062
-829.345703, -1023.193359, -1388.916016
-661.376953, -352.783203, -1996.826172
-760.009766, 256.835938, -1956.787109
-,-,-
-859.130859, -36.376953, 445.312500
-1003.173828, -204.833984, 831.054688
-1059.814453, -130.615234, 1479.980469
-1063.232422, -478.271484, 1761.230469
-1116.943359, -937.255859, 1181.152344
-837.646484, -950.927734, 483.886719
-442.626953, -951.904297, -257.568359
-732.666016, -985.107422, -1113.525391
-1179.443359, -216.064453, -1999.755859
-,-,-
-781.494141, -9.521484, 621.093750
-934.814453, -122.802734, 740.722656
-1124.755859, -403.564453, 1397.949219
-1044.677734, -647.705078, 1663.085938
-950.927734, -711.181641, 1104.492188
-718.505859, -888.427734, 333.984375
-346.435547, -906.982422, -479.736328
-1074.462891, -525.634766, -1926.513672
-1293.212891, 200.683594, -1999.755859
-,-,-
-920.654297, 52.246094, 1059.570312
-1092.529297, -72.509766, 1485.839844
-1033.447266, -493.408203, 1616.699219
-1067.138672, -1081.298828, 1391.113281
-619.384766, -1232.177734, 324.707031
-334.716797, -987.060547, -762.939453
-686.279297, -535.888672, -1556.884766
-877.685547, -114.013672, -1580.810547
-,-,-
-864.990234, -412.353516, 1367.187500
-1208.251953, -608.642578, 1809.082031
-1075.439453, -383.544922, 1456.542969
-717.041016, -407.470703, 615.722656
-933.349609, -682.373047, -126.220703
-860.595703, -205.810547, -1053.955078
-786.376953, 30.761719, -1413.818359
-982.666016, 65.429688, -1479.248047
-,-,-
-1013.916016, -148.681641, 1156.738281
-1348.388672, -209.716797, 1431.640625
-1303.466797, -327.880859, 1535.156250
-1058.837891, -267.333984, 573.242188
-1018.798828, -274.169922, -88.134766
-550.048828, -100.341797, -643.310547
-,-,-
-1390.869141, -281.982422, 1253.906250
-1771.728516, -234.619141, 1288.574219
-1151.123047, -453.369141, 1460.449219
-800.537109, -576.904297, 788.085938
-341.552734, -628.662109, -296.630859
-875.244141, -149.658203, -1669.677734
-661.865234, 274.414062, -1502.197266
-,-,-
-890.380859, -31.494141, 207.031250
-1175.048828, -267.822266, 424.804688
-1633.056641, -419.189453, 1099.609375
-1608.642578, -441.162109, 1403.320312
-,-,-
-955.322266, -73.974609, 211.914062
-1135.986328, -223.388672, 447.265625
-1139.892578, -172.119141, 1065.917969
-1294.677734, 139.648438, 1204.101562
-974.365234, 303.222656, 689.453125
-886.474609, 92.773438, -55.419922
-885.986328, 104.003906, -1118.896484
-440.185547, 51.269531, -1778.076172
-946.044922, -291.748047, -1676.025391
-,-,-
-542.236328, -232.666016, -1145.263672
-,-,-
-1146.240234, -302.978516, 353.027344
-1505.126953, -171.142578, 1191.406250
-1584.716797, -120.849609, 1380.859375
-1374.267578, 103.027344, 794.921875
-693.115234, 231.933594, 43.457031
-514.404297, 105.468750, -974.365234
-876.708984, -72.021484, -1754.150391
-635.986328, -262.451172, -1257.080078
-,-,-
-1080.322266, -271.728516, 308.593750
-1558.349609, -308.837891, 513.671875
-1450.927734, -148.193359, 994.140625
-1627.197266, -185.791016, 731.445312
-935.302734, 52.734375, 391.113281
-308.349609, 361.328125, -475.830078
-603.271484, -194.091797, -1718.994141
-200.927734, 8.789062, -1895.751953
-,-,-
-1999.755859, -335.693359, 875.000000
-1804.931641, -115.478516, 1141.113281
-1174.560547, 277.343750, 352.050781
-746.337891, 146.972656, -591.064453
-525.146484, -110.107422, -1649.169922
-408.447266, 178.710938, -1670.654297
-454.833984, -180.419922, -1204.345703
-,-,-
-1383.056641, -185.791016, 375.488281
-1757.568359, -148.681641, 627.929688
-1494.873047, -10.498047, 748.046875
-1436.279297, -154.052734, 508.789062
-657.470703, 148.925781, -202.392578
-778.564453, -162.841797, -1298.583984
-559.326172, 230.468750, -1773.193359
-853.759766, -427.490234, -1479.248047
-692.138672, -381.591797, -1237.060547
-421.630859, -74.951172, -1207.763672
-425.048828, 27.343750, -1168.701172
-,-,-
-1135.009766, -198.486328, 749.023438
-1679.443359, -164.794922, 825.195312
-1771.728516, -42.724609, 467.773438
-1666.748047, -211.669922, 138.671875
-1130.126953, -258.056641, -673.095703
-616.943359, 38.574219, -1732.177734
-,-,-
-1441.650391, -227.294922, 861.328125
-1906.494141, -268.798828, 886.718750
-1601.806641, -60.302734, 766.113281
-1048.583984, 201.660156, 16.113281
-340.576172, 202.636719, -1074.462891
234.863281, 21.972656, -1743.408203
-,-,-
-1459.228516, -75.927734, 828.613281
-1908.447266, -146.728516, 1046.386719
-1632.080078, 223.632812, 918.945312
-682.861328, 208.007812, 260.253906
-475.341797, 131.347656, -1247.314453
-22.705078, -126.708984, -1999.755859
-703.857422, -261.474609, -1699.462891
-291.748047, -150.634766, -758.056641
-461.181641, -92.529297, -540.771484
-852.783203, -103.271484, -740.478516
-771.728516, -16.357422, -826.904297
-,-,-
-1052.978516, -95.458984, 150.878906
-1091.552734, -171.142578, 151.855469
-1247.314453, -201.416016, 250.000000
-1261.474609, -199.951172, 416.992188
-1276.611328, -169.189453, 452.148438
-1133.544922, -77.880859, 416.015625
-963.134766, -59.326172, 411.621094
-757.080078, -37.353516, 187.500000
-997.802734, -53.466797, -396.728516
-710.693359, 66.894531, -603.271484
-1110.595703, -256.591797, -1019.287109
-654.052734, -145.263672, -686.279297
-838.134766, -288.330078, -945.068359
-,-,-
-940.185547, -104.248047, 274.414062
-1085.205078, -127.685547, 608.886719
-1357.666016, -242.919922, 553.710938
-1181.396484, -79.833984, 559.570312
-1167.236328, -135.986328, 368.164062
-1290.771484, -194.091797, 225.585938
-933.349609, -116.455078, 108.886719
-817.138672, 39.062500, -74.951172
-1057.861328, -109.130859, -517.333984
-806.884766, -37.841797, -756.103516
-768.310547, -92.529297, -895.751953
-1234.130859, -204.345703, -1081.787109
-,-,-
-1132.568359, -150.634766, 132.324219
-920.166016, -150.146484, 338.867188
-1300.537109, -270.751953, 694.335938
-1665.283203, -218.994141, 729.492188
-1151.123047, -46.630859, 985.351562
-1064.208984, -32.470703, 694.824219
-892.822266, -16.845703, 64.941406
-385.498047, 140.625000, -793.212891
-828.369141, 164.550781, -1461.181641
-614.501953, 339.355469, -1768.798828
-1035.400391, -433.349609, -1609.130859
-787.353516, -452.392578, -1021.728516
-,-,-
-885.498047, -159.912109, 406.738281
-951.416016, -124.267578, 426.757812
-1594.970703, -227.294922, 723.632812
-1568.603516, -147.216797, 891.601562
-1230.712891, -38.818359, 584.472656
-1428.955078, -450.439453, 137.695312
-754.150391, 112.304688, -1006.103516
-567.626953, -97.412109, -1474.365234
-942.626953, 158.691406, -1457.763672
-996.826172, 0.488281, -1284.423828
-686.767578, -297.607422, -1072.998047
-210.205078, 40.039062, -781.005859
-,-,-
-830.322266, 23.437500, 71.289062
-991.943359, -127.685547, 300.292969
-1471.435547, -267.333984, 516.113281
-1453.369141, -94.482422, 709.960938
-1550.048828, -91.552734, 708.007812
-978.271484, 82.031250, 623.535156
-807.373047, -131.591797, 268.554688
-671.630859, -30.029297, -455.322266
-612.548828, 4.882812, -1140.869141
-,-,-
-1020.751953, -13.427734, 236.328125
-1297.607422, -273.193359, 491.210938
-1384.033203, -181.884766, 626.953125
-1223.876953, -171.630859, 902.343750
-1230.712891, -50.537109, 617.187500
-914.306641, -84.228516, 483.398438
-930.908203, -42.724609, -236.083984
-310.791016, -78.369141, -786.376953
-591.552734, 130.371094, -1265.869141
-892.822266, 155.273438, -1435.302734
-1043.701172, -376.220703, -1143.310547
-,-,-
-946.044922, -72.021484, 195.800781
-907.958984, -277.099609, 584.472656
-1413.818359, -382.568359, 781.738281
-1686.279297, -435.302734, 935.058594
-1166.748047, -44.677734, 984.863281
-1182.373047, -160.400391, 737.792969
-873.779297, 109.375000, -140.380859
-608.642578, -182.373047, -729.248047
-461.181641, 3.417969, -920.654297
-183.349609, 393.554688, -1083.740234
-1024.169922, 132.812500, -1400.634766
-1099.365234, -135.009766, -1228.271484
-,-,-
-992.431641, -178.466797, 425.781250
-990.966797, -173.583984, 545.898438
-1019.775391, -230.224609, 851.562500
-1144.287109, -194.091797, 963.867188
-1156.494141, -111.083984, 1025.878906
-884.521484, -34.423828, 888.671875
-983.642578, -73.974609, 200.195312
-742.919922, 65.917969, -403.076172
-917.724609, -183.349609, -810.791016
-556.396484, 134.277344, -980.712891
-925.048828, -104.736328, -1255.615234
-1253.662109, -238.525391, -1272.216797
-,-,-
-837.158203, -89.599609, 422.851562
-944.580078, -218.994141, 651.367188
-1194.580078, -174.560547, 865.722656
-1439.697266, -130.615234, 825.683594
-1202.880859, 41.015625, 675.292969
-1131.103516, -252.197266, 604.980469
-574.462891, 159.179688, -47.119141
-887.939453, -172.607422, -598.388672
-762.939453, 21.484375, -918.212891
-709.228516, -55.419922, -1050.048828
-1286.865234, -169.189453, -1215.576172
-1230.224609, -132.568359, -1104.248047
-,-,-
-970.458984, -159.912109, 426.757812
-929.931641, -177.490234, 671.386719
-1223.876953, -165.283203, 1012.695312
-1452.880859, -160.888672, 884.765625
-1166.259766, 118.164062, 801.757812
-1473.388672, -522.705078, 418.945312
-524.169922, 144.531250, -56.396484
-1605.224609, -531.005859, -770.751953
-252.685547, 139.648438, -617.919922
-869.873047, 361.328125, -1258.544922
-1220.458984, -56.396484, -1309.814453
-777.587891, -279.052734, -1109.130859
-,-,-
-865.478516, -101.806641, 511.718750
-864.501953, -188.720703, 915.527344
-1156.982422, -302.490234, 1370.605469
-1325.439453, -35.400391, 999.023438
-892.822266, 107.421875, 924.804688
-1002.197266, -52.490234, 213.867188
-403.564453, 194.335938, -531.494141
-1024.169922, 74.218750, -1719.482422
-475.341797, 221.191406, -1376.708984
-941.162109, -414.794922, -1388.427734
-,-,-
-757.568359, -325.927734, 1039.550781
-1045.166016, -22.216797, 1516.601562
-1411.376953, 159.179688, 1371.582031
-1379.638672, 157.226562, 583.007812
-1336.669922, -52.001953, -936.767578
-430.908203, -445.068359, -1376.220703
-1307.861328, -570.556641, -1904.541016
-515.869141, 303.222656, -1387.451172
-611.572266, -27.099609, -1114.501953
-,-,-
-1008.056641, -200.927734, 1304.199219
-1119.384766, 7.812500, 1423.828125
-1264.404297, 36.621094, 969.726562
-551.025391, 195.800781, 1094.238281
-1016.845703, 51.269531, -455.322266
-517.333984, 171.386719, -963.134766
-583.740234, 331.542969, -1593.994141
-,-,-
-1154.541016, -319.580078, 899.414062
-1026.123047, -143.310547, 1287.597656
-1340.087891, -281.982422, 1348.144531
-1013.916016, 148.437500, 954.101562
-448.486328, 294.921875, 239.746094
-122.314453, 365.234375, -1050.048828
-460.205078, 430.664062, -1552.001953
-494.873047, 317.871094, -1541.748047
-1114.013672, -177.490234, -1458.251953
-753.662109, -194.091797, -936.767578
-,-,-
-683.837891, -146.728516, 930.664062
-1130.615234, 3.417969, 1428.710938
-1028.076172, -194.091797, 1490.722656
-1400.146484, 109.375000, 852.050781
-1315.673828, -57.861328, -303.955078
-1073.974609, -205.322266, -936.279297
-627.685547, 81.542969, -1218.994141
-335.693359, 185.058594, -1368.896484
-551.025391, -109.130859, -1172.607422
-610.107422, -52.978516, -825.927734
-503.662109, -12.451172, -539.794922
-970.947266, -33.447266, -813.232422
-,-,-
-1084.228516, -73.974609, 979.980469
-679.443359, -112.060547, 1804.199219
-1602.783203, -270.751953, 1264.160156
-855.224609, -50.537109, 1010.742188
-1460.693359, -268.798828, -434.814453
-544.677734, -272.705078, -1145.263672
-,-,-
-1137.451172, -89.599609, 333.007812
-968.994141, -157.958984, 281.250000
-1057.861328, -100.830078, 236.328125
-1053.955078, -196.044922, 376.953125
-921.630859, -267.333984, 709.960938
-884.521484, -311.279297, 1152.343750
-1113.037109, -259.521484, 1291.992188
-581.787109, -81.787109, 1440.917969
-1586.181641, -335.205078, 898.925781
-377.197266, -55.908203, 309.082031
-1562.744141, -72.021484, -1718.505859
593.261719, 780.273438, -1656.494141
-,-,-
-968.017578, -97.412109, 219.726562
-978.271484, -157.958984, 165.039062
-904.541016, -142.333984, 174.316406
-1026.611328, -194.091797, 184.570312
-852.294922, -189.697266, 450.195312
-1048.583984, -477.294922, 1311.523438
-1393.310547, -442.138672, 1999.755859
-802.001953, -460.205078, 1999.755859
-710.693359, -449.951172, 1269.042969
-156.005859, 263.671875, -957.763672
-341.552734, 333.007812, -1999.755859
-734.619141, 532.714844, -1999.755859
-1323.974609, -757.568359, -1387.939453
-,-,-
-1022.705078, -135.009766, 176.269531
-1057.373047, -199.462891, 182.617188
-1121.337891, -345.458984, 208.007812
-960.693359, -194.091797, 208.984375
-822.998047, -257.568359, 420.898438
-812.744141, -346.435547, 884.765625
-872.314453, -315.185547, 1721.191406
-1060.302734, -180.908203, 1999.755859
-414.306641, 4.882812, 1547.363281
-286.865234, 426.269531, -735.595703
-311.767578, 131.835938, -1719.482422
-1482.177734, 59.570312, -1999.755859
-1540.771484, -648.193359, -1588.134766
-146.728516, -12.451172, -680.419922
-254.150391, -4.638672, -398.193359
-1093.505859, -299.560547, -750.732422
-,-,-
-921.142578, -135.986328, 357.421875
-735.107422, -207.763672, 504.394531
-828.369141, -297.607422, 970.703125
-1125.732422, -233.642578, 1314.453125
-1096.923828, -238.037109, 1691.406250
-1311.279297, -139.892578, 951.660156
-494.873047, 52.246094, 116.210938
-665.771484, 414.062500, -1384.521484
-649.169922, 400.390625, -1410.888672
-,-,-
-965.576172, -228.271484, 209.960938
-888.427734, -219.970703, 160.156250
-977.294922, -331.787109, 248.046875
-902.099609, -455.322266, 688.476562
-1254.638672, -378.662109, 1180.175781
-1002.197266, -198.974609, 1325.195312
-1072.998047, -210.693359, 920.898438
-986.572266, 73.242188, -14.892578
-844.482422, -135.009766, -860.107422
-680.419922, 435.546875, -1204.833984
-1071.533203, -16.357422, -1569.580078
-955.322266, -69.091797, -1261.962891
-832.763672, -56.396484, -1057.373047
-,-,-
-970.947266, -260.498047, 461.425781
-746.337891, -286.865234, 816.406250
-1298.583984, -377.197266, 718.261719
-1398.681641, -269.287109, 752.929688
-1083.251953, -69.091797, 755.859375
-1091.064453, -80.322266, 336.914062
-620.361328, 37.109375, -559.814453
-464.111328, 209.960938, -1389.892578
-,-,-
-1049.560547, -379.638672, 774.414062
-885.009766, -364.990234, 1086.425781
-1366.943359, -654.541016, 990.234375
-1251.220703, -156.494141, 607.910156
-691.650391, 95.214844, 579.101562
-835.205078, 200.195312, -213.623047
-543.212891, 563.476562, -873.291016
-1102.783203, 65.429688, -1482.666016
-,-,-
-726.806641, 112.304688, 1287.597656
-564.208984, 47.851562, 1566.894531
-475.341797, -156.005859, 1328.613281
-819.091797, -373.291016, 614.746094
-873.291016, -289.794922, -75.927734
-1091.552734, -350.830078, -384.521484
-1329.833984, -180.419922, -537.841797
-,-,-
-773.681641, 104.003906, 795.898438
-804.443359, -72.509766, 1587.890625
-704.833984, -314.697266, 1999.755859
-537.841797, -554.931641, 1699.707031
-474.365234, -564.208984, 628.417969
-628.662109, -760.986328, -413.330078
-1240.966797, -689.697266, -1548.095703
-1299.560547, -101.806641, -1999.755859
-,-,-
-1001.708984, 124.023438, 271.484375
-881.103516, 143.554688, 560.058594
-727.783203, -88.134766, 1313.476562
-528.076172, -522.216797, 1999.755859
-428.955078, -963.623047, 1999.755859
-163.818359, -753.173828, 812.500000
-700.927734, -509.521484, -1219.482422
-1629.638672, -484.130859, -1967.041016
-1326.416016, 107.421875, -1736.083984
-,-,-
-716.064453, -14.404297, 757.324219
-577.880859, -298.095703, 1786.621094
-547.119141, -816.162109, 1999.755859
-258.056641, -1146.728516, 1999.755859
-703.857422, -753.662109, -50.048828
-1277.099609, -642.333984, -967.041016
-1221.435547, -57.373047, -1515.380859
-1297.607422, 253.417969, -1330.322266
-,-,-
-944.580078, 200.195312, 218.261719
-786.865234, 232.421875, 534.179688
-924.072266, 8.789062, 1396.972656
-806.396484, -353.271484, 1999.755859
-759.033203, -686.279297, 1918.457031
-852.294922, -664.794922, 348.144531
-927.001953, -578.857422, -1249.267578
-1146.728516, -388.916016, -1856.201172
-826.904297, -81.787109, -1554.443359
-,-,-
-1008.056641, 85.937500, 370.605469
-939.208984, 25.390625, 715.820312
-1189.208984, -161.865234, 1455.566406
-1170.654297, -437.255859, 1961.425781
-937.744141, -489.990234, 1327.636719
-828.369141, -561.279297, 281.738281
-979.248047, -478.271484, -711.669922
-907.958984, -270.751953, -1364.990234
-1060.791016, -72.021484, -1430.419922
-956.298828, 139.648438, -1030.517578
-,-,-
-926.513672, 12.207031, 626.953125
-1053.466797, -122.802734, 1601.562500
-1168.701172, -680.419922, 1999.755859
-875.732422, -948.486328, 1404.296875
-955.322266, -712.646484, -1022.705078
-1118.408203, -405.029297, -1625.732422
-780.517578, -64.208984, -1328.369141
-731.201172, 154.296875, -1194.091797
-,-,-
-1078.369141, -52.001953, 499.023438
-1070.068359, -122.802734, 1021.972656
-1262.939453, -384.521484, 1999.755859
-935.302734, -599.365234, 1738.769531
-731.689453, -710.205078, 551.269531
-904.541016, -751.708984, -766.845703
-821.533203, -379.638672, -1447.021484
-739.013672, -131.591797, -1599.365234
-891.845703, -4.638672, -1363.037109
-,-,-
-917.236328, 43.945312, 463.867188
-948.974609, -82.275391, 1137.695312
-1205.810547, -525.634766, 1999.755859
-1009.521484, -820.068359, 1951.171875
-807.861328, -822.021484, 667.480469
-913.330078, -726.806641, -720.947266
-1211.181641, -461.669922, -1737.060547
-876.220703, 48.339844, -1882.080078
-864.013672, 95.703125, -1400.634766
